[2021-11-28T15:57:05][FileList]Loading filelist for unknown-rdb
[2021-11-28T15:57:05][FileList]Loading filelist for RDBShared-rdb
[2021-11-28T15:57:05][FileList]Loading filelist for PropertyList-rdb
KTID: KTID 07735723
TypeInfo: Field_Common.kidsobjdb
Parent: KTID 690a3c74
Float32 WorldPosition: 98776,36, 16298,153, 36837,566
UInt32 NavigationNodeVertexNameHash: KTID 5f5fe4b0
Float32 AreaColor: 0, 0, 1, 0,5
Int32 NodeIDArray: 299, 69, 76, 67, 70, 298
UInt32 CategoryNameHash: KTID de6ae0a0
Int32 KTID d2ea5718: 2
Int32 KTID 597011b7: 2
Int32 KTID dff5cc56: 7
Int32 KTID ed014194: 31

KTID: KTID 0f04c267
TypeInfo: Field_Common.kidsobjdb
Parent: KTID 690a3c74
Float32 WorldPosition: 41989,348, 17441,125, 37698,22
UInt32 NavigationNodeVertexNameHash: KTID 5f5fe4b0
Int32 NodeIDArray: 81, 82, 83, 87, 101, 98, 96, 36, 35, 34
UInt32 CategoryNameHash: KTID b4a17b1e

KTID: KTID 182923e4
TypeInfo: Field_Common.kidsobjdb
Parent: KTID 690a3c74
Float32 WorldPosition: 95914,77, 16365,334, 35659,684
UInt32 NavigationNodeVertexNameHash: KTID 5f5fe4b0
Float32 AreaColor: 0,6, 0,6, 0,6, 0,5
Int32 NodeIDArray: 70, 50, 51, 117, 124, 52, 69, 299, 298
UInt32 CategoryNameHash: KTID de6ae0a0
Int32 KTID d2ea5718: 3

KTID: KTID 1fba8f28
TypeInfo: Field_Common.kidsobjdb
Parent: KTID 690a3c74
Float32 WorldPosition: 60295,277, 14519,016, 19355,787
UInt32 NavigationNodeVertexNameHash: KTID 5f5fe4b0
Float32 AreaColor: 0, 0, 1, 0,5
Int32 NodeIDArray: 97, 96, 95, 94
UInt32 CategoryNameHash: KTID b4a17b1e
Int32 KTID 597011b7: 2
Int32 KTID dff5cc56: 2
Int32 KTID ed014194: 31

KTID: KTID 28def0a5
TypeInfo: Field_Common.kidsobjdb
Parent: KTID 690a3c74
Float32 WorldPosition: 123272,016, 12922,866, 47358,715
UInt32 NavigationNodeVertexNameHash: KTID 5f5fe4b0
Float32 AreaColor: 0, 0, 1, 0,5
Int32 NodeIDArray: 302, 1, 137, 130, 294
UInt32 CategoryNameHash: KTID b4a17b1e
Int32 KTID 597011b7: 2
Int32 KTID dff5cc56: 9
Int32 KTID ed014194: 31

KTID: KTID 30705be9
TypeInfo: Field_Common.kidsobjdb
Parent: KTID 690a3c74
Float32 WorldPosition: 58963,3, 14519,603, 20976,977
UInt32 NavigationNodeVertexNameHash: KTID 5f5fe4b0
Int32 NodeIDArray: 91, 42, 59, 36, 96, 97, 94, 99, 103, 104, 108, 138, 107, 106, 119, 109, 120, 111, 110, 123, 139, 140, 141, 129, 135, 142, 143, 130, 137, 144, 122, 121, 125, 149, 126, 148, 156, 155, 154, 166, 157, 158, 165, 161, 173, 145, 146, 178, 162, 147, 171, 177, 176, 92, 180, 77, 93, 74, 53, 73, 90, 89, 88, 84, 79, 78, 330, 175, 163, 164, 66, 65, 150, 64, 63, 128, 131, 127, 133, 134, 57, 54, 52, 124, 117, 51, 50, 37, 43
UInt32 CategoryNameHash: KTID b4a17b1e

KTID: KTID 52ef68f1
TypeInfo: TypeInfo::Object::3D::NavigationNodeVertex
Parent: NULL
Int32 Stride: 4
Int32 FloorID: 1
Float32 VertexArray: NULL
Int32 VertexIDArray: NULL

KTID: KTID 5f5fe4b0
TypeInfo: TypeInfo::Object::3D::NavigationNodeVertex
Parent: NULL
Int32 Stride: 4
Int32 FloorID: 0
Float32 VertexArray: 94954,04, 19748,68, 43602,42, 1, 63009,11, 20783,1, 93227,9, 1, 69860,27, 20661,94, 93936,19, 1, 43788,62, 18997,16, 86136,72, 1, 40384,3, 17540,76, 37428,96, 1, 42044,51, 17443,31, 37871,88, 1, 42530,89, 17420,28, 36286,79, 1, 40882,04, 17573,01, 35389,7, 1, 60430,49, 15158,9, 18474,86, 1, 58310,33, 15309,44, 19453,85, 1, 58851,66, 14844,66, 21445,45, 1, 60812,64, 14553,17, 20807,21, 1, 65771,44, 14201,66, 17581,63, 1, 84711,68, 13781,49, 15303,29, 1, 100799,3, 12574,42, 22494,87, 1, 99786,85, 13238,79, 20455,6, 1, 100889, 13084,37, 33267,29, 1, 102919,8, 12791,67, 36894,81, 1, 121609,5, 12603,09, 47305,02, 1, 122652,1, 13333, 50118,93, 1, 102231,3, 12270,72, 79922,58, 1, 69636,3, 13224,47, 126587,1, 1, 86031,12, 26666, 72108,34, 1, 86192,15, 26666, 69491,91, 1, 99167,36, 16628,97, 36347,5, 1, 100000,7, 16424,22, 37410,32, 1, 123166,8, 12922,87, 47264,9, 1, 124027, 12952,07, 48159,73, 1, 67238,02, 12600, 111578,7, 1, 61000, 12200, 121800, 1, 62152,1, 13100, 123275,2, 1, 77200, 14600, 126300, 1, 75800, 13700, 106800, 1, 78212,34, 13400, 119127,3, 1, 90493,23, 13000, 117031,8, 1, 103300, 12620,08, 109300, 1, 86490,57, 12700, 115648,9, 1, 85900, 13700, 106500, 1, 93300, 12900, 101000, 1, 105900, 12300, 104900, 1, 111000, 12056,84, 100600, 1, 110300, 12156,84, 96500, 1, 114400, 12856,84, 93000, 1, 117400, 13356,84, 93400, 1, 121200, 14100, 83000, 1, 117500, 13000, 82100, 1, 116900, 12900, 77200, 1, 118700, 13200, 74100, 1, 112945,4, 12700, 33119,08, 1, 116226,5, 13848,82, 36567,87, 1, 103600, 13440,88, 21600, 1, 93500, 13200, 18700, 1, 97900, 13700, 16400, 1, 101200, 13300, 18200, 1, 82215,25, 13500, 18699,8, 1, 75500, 14822,21, 16800, 1, 73000, 14522,21, 18200, 1, 67100, 14500, 17900, 1, 55231,78, 16161,71, 23955,07, 1, 46898,86, 18000, 31704,09, 1, 51619,39, 16800, 26196,39, 1, 31100, 19700, 52000, 1, 31684,84, 20300, 59685,88, 1, 31208,84, 21207,93, 72856,33, 1, 40800, 19000, 86400, 1, 33500, 19600, 81400, 1, 54402,59, 21636,5, 91139,12, 1, 48100, 19900, 90800, 1, 58741,73, 21836,5, 93196,39, 1, 84400, 20800, 95100, 1, 77950,37, 21600, 97799,94, 1, 76000, 21900, 99400, 1, 74400, 21800, 97700, 1, 76200, 21500, 95900, 1, 88600, 21200, 91500, 1, 91800, 21300, 84200, 1, 98600, 21300, 79000, 1, 99500, 21400, 58600, 1, 100200, 21500, 70800, 1, 95400, 21300, 52100, 1, 99200, 21700, 52200, 1, 95200, 20500, 44100, 1, 91200, 20300, 40400, 1, 79447,57, 26098,31, 46114,91, 1, 85459,11, 26001, 58568,83, 1, 87132,39, 27019,84, 65290,3, 1, 88333,71, 25900, 69077,39, 1, 88200, 27000, 72600, 1, 85600, 26900, 72400, 1, 85065,48, 27534,75, 74508,49, 1, 80929,65, 26275,85, 84826,16, 1, 66269,74, 23013,07, 84588,94, 1, 57763,75, 25308,23, 80956,97, 1, 51763,04, 21955,74, 80783,22, 1, 46319,55, 21568,8, 78534,88, 1, 42969,79, 21834,98, 72270,55, 1, 46310,54, 23320,93, 52119, 1, 48087,38, 21085,87, 47706,85, 1, 55420,25, 22763,26, 38198,57, 1, 61421,39, 16507,46, 31401,29, 1, 65541,56, 14500, 28939,4, 1, 79700, 12300, 25000, 1, 74484,54, 13400, 28044,8, 1, 89553,6, 14148,85, 28759,59, 1, 97420,14, 13850,98, 32692,2, 1, 103331,8, 13180,89, 39904,89, 1, 106700, 13200, 68300, 1, 105600, 13200, 72800, 1, 98900, 12600, 87700, 1, 99700, 12400, 92200, 1, 96000, 17600, 38700, 1, 99900, 16600, 39100, 1, 95900, 16500, 35600, 1, 98500, 16400, 40900, 1, 45761, 19000, 84787,13, 1, 46700, 19400, 87500, 1, 47100, 19400, 86800, 1, 124000, 12245,46, 49300, 1, 60900, 15200, 18500, 1, 60800, 15100, 18400, 1, 61100, 14800, 19500, 1, 62900, 15600, 18600, 1, 60400, 15200, 18300, 1, 60800, 15100, 18500, 1, 42327,99, 11024,14, 115833,4, 1, 49457,52, 10530,83, 121227,3, 1, 56606,24, 10758,58, 123173,1, 1, 62503,52, 11456,94, 112930,4, 1, 57716,21, 10283,25, 110676,9, 1, 54659,66, 10223,89, 108996,1, 1, 51863,56, 10194,17, 106118,1, 1, 48763,88, 11024,14, 102969,2, 1, 39897,5, 11024,14, 106720,3, 1, 65040,88, 10861,7, 123582,4, 1, 53790,65, 10716,42, 122916,5, 1, 83497,57, 24228,19, 77939,95, 1, 74952,2, 26539,63, 85034,01, 1, 72001,72, 23795,97, 84364,58, 1, 62741,91, 23698,35, 82633,36, 1, 40702,45, 23479,21, 69341,85, 1, 43192,89, 21794,54, 59951,77, 1, 45526,69, 23004,04, 54792,71, 1, 32640,02, 19708,7, 57207,55, 1, 32283,19, 19723,89, 51199,64, 1, 116800, 13000, 59300, 1, 118300, 12900, 62100, 1, 118545,5, 13400, 63909,887, 1, 119137,28, 13300, 72015,19, 1, 109100, 12600, 61600, 1, 106800, 13400, 66500, 1, 108800, 12800, 64600, 1, 108000, 12700, 58900, 1, 107108,4, 13444, 56364,23, 1, 105299,3, 14000, 47528,04, 1, 105447,8, 13079,67, 43571,72, 1, 43400, 10600, 119200, 1, 32446,54, 11024,14, 108184, 1, 34765,2, 11024,14, 117293,7, 1, 89651,62, 20690,83, 37514,63, 1, 86115,01, 21822,66, 37621,44, 1, 31274,64, 21671,74, 66127,33, 1, 31856,24, 20334,92, 69565,25, 1, 51081,1, 20337,38, 90682,31, 1, 63443,09, 15408,13, 29571,96, 1, 70729,8, 13763,72, 27384,35, 1, 77879,74, 14043,04, 17634,54, 1, 105710,8, 12396,66, 25140,1, 1, 108133,3, 13091,74, 27690,68, 1, 111318,4, 12496,47, 30074,96, 1, 118657,5, 12794,52, 45032,28, 1, 119908,9, 12722,82, 47280,97, 1, 119810,3, 12864,2, 55018,28, 1, 98172,8, 13120,13, 111906,5, 1, 94085,77, 13400,5, 113253,6, 1, 81079,54, 12620,03, 117136,1, 1, 119007,64, 12512,271, 67816,48, 1
Int32 VertexIDArray: 13, 44, 45, 60, 80, 81, 82, 83, 94, 95, 96, 97, 99, 106, 110, 111, 117, 124, 130, 137, 150, 176, 260, 261, 298, 299, 294, 302, 330, 333, 180, 177, 175, 171, 178, 173, 162, 163, 164, 161, 165, 158, 157, 166, 154, 155, 156, 148, 129, 135, 123, 119, 109, 120, 107, 108, 104, 103, 98, 87, 101, 85, 86, 75, 68, 61, 56, 49, 46, 47, 39, 40, 41, 48, 55, 32, 33, 29, 18, 23, 24, 17, 8, 62, 2, 3, 10, 11, 19, 9, 20, 21, 22, 25, 27, 28, 31, 34, 35, 36, 42, 37, 43, 50, 51, 52, 63, 64, 65, 66, 67, 69, 70, 76, 71, 72, 58, 1, 5, 6, 7, 12, 16, 38, 73, 74, 77, 78, 79, 84, 88, 89, 90, 92, 93, 100, 102, 105, 112, 113, 114, 115, 116, 118, 122, 121, 125, 126, 127, 128, 131, 133, 134, 57, 54, 53, 132, 136, 4, 14, 15, 26, 30, 59, 91, 138, 139, 140, 141, 142, 143, 144, 145, 146, 147, 149

KTID: KTID 7a864004
TypeInfo: Field_Common.kidsobjdb
Parent: KTID 690a3c74
Float32 WorldPosition: 87592,46, 26377,178, 71993,6
UInt32 NavigationNodeVertexNameHash: KTID 5f5fe4b0
Int32 NodeIDArray: 10, 11, 260, 261
UInt32 CategoryNameHash: KTID b4a17b1e

KTID: KTID aca7a647
TypeInfo: Field_Common.kidsobjdb
Parent: KTID 690a3c74
Float32 WorldPosition: 76699,75, 21152,377, 96957,75
UInt32 NavigationNodeVertexNameHash: KTID 5f5fe4b0
Float32 AreaColor: 0, 0, 1, 0,5
Int32 NodeIDArray: 48, 39, 40, 41
UInt32 CategoryNameHash: KTID b4a17b1e
Int32 KTID 597011b7: 2
Int32 KTID dff5cc56: 6
Int32 KTID ed014194: 30

KTID: KTID cc2d8f63
TypeInfo: Field_Common.kidsobjdb
Parent: KTID 690a3c74
Float32 WorldPosition: 77001,125, 19638,127, 38976,402
UInt32 NavigationNodeVertexNameHash: KTID 5f5fe4b0
Int32 NodeIDArray: 14, 4, 8, 13, 17, 23, 24, 29, 18, 33, 32, 55, 47, 39, 48, 41, 45, 44, 46, 56, 30, 49, 72, 58, 71, 60, 68, 61, 75, 26, 15, 86, 116, 118, 80, 81, 34, 31, 115, 114, 113, 28, 27, 25, 22, 112, 21, 105, 102, 20, 100, 9, 260, 11, 10, 261, 3, 2, 62
UInt32 CategoryNameHash: KTID b4a17b1e

KTID: KTID dce35c24
TypeInfo: Field_Common.kidsobjdb
Parent: KTID 690a3c74
Float32 WorldPosition: 44000, 19100, 86400
UInt32 NavigationNodeVertexNameHash: KTID 5f5fe4b0
Float32 AreaColor: 0, 0, 1, 0,5
Int32 NodeIDArray: 72, 60, 71, 58
UInt32 CategoryNameHash: KTID b4a17b1e
Int32 KTID 597011b7: 2
Int32 KTID dff5cc56: 0
Int32 KTID ed014194: 31

KTID: KTID ed9928e5
TypeInfo: Field_Common.kidsobjdb
Parent: KTID 690a3c74
Float32 WorldPosition: 39400, 10200, 111100
UInt32 NavigationNodeVertexNameHash: KTID 5f5fe4b0
Float32 AreaColor: 0,8, 0,6, 1, 0,5
Int32 NodeIDArray: 90, 73, 136, 132
UInt32 CategoryNameHash: KTID de6ae0a0
Int32 KTID d2ea5718: 1

KTID: KTID fe4ef5a6
TypeInfo: Field_Common.kidsobjdb
Parent: KTID 690a3c74
Float32 WorldPosition: 40628,438, 17540,758, 37282,957
UInt32 NavigationNodeVertexNameHash: KTID 5f5fe4b0
Float32 AreaColor: 0, 0, 1, 0,5
Int32 NodeIDArray: 83, 82, 81, 80
UInt32 CategoryNameHash: KTID b4a17b1e
Int32 KTID 597011b7: 2
Int32 KTID dff5cc56: 1
Int32 KTID ed014194: 30

