[2021-11-28T16:01:31][FileList]Loading filelist for unknown-rdb
[2021-11-28T16:01:31][FileList]Loading filelist for RDBShared-rdb
[2021-11-28T16:01:31][FileList]Loading filelist for PropertyList-rdb
KTID: KTID 0520c872
TypeInfo: Field_Common.kidsobjdb
Parent: KTID 690a3c74
Float32 WorldPosition: 60300, 7200, 40700
UInt32 NavigationNodeVertexNameHash: KTID 1398ac85
Float32 AreaColor: 1, 0,8, 0, 1
Int32 NodeIDArray: 146, 147, 149, 148, 546, 539
UInt32 CategoryNameHash: KTID de6ae0a0
Int32 KTID d2ea5718: 2

KTID: KTID 09ac252a
TypeInfo: Field_Common.kidsobjdb
Parent: KTID 690a3c74
Float32 WorldPosition: 30000, 5800, 122100
UInt32 NavigationNodeVertexNameHash: KTID 1398ac85
Float32 AreaColor: 1, 0,8, 0, 1
Int32 NodeIDArray: 466, 471, 561, 560, 454, 460, 463
UInt32 CategoryNameHash: KTID de6ae0a0
Int32 KTID d2ea5718: 2

KTID: KTID 1090276f
TypeInfo: Field_Common.kidsobjdb
Parent: KTID 690a3c74
Float32 WorldPosition: 49100, 4500, 107900
UInt32 NavigationNodeVertexNameHash: KTID 1398ac85
Float32 AreaColor: 1, 0,8, 0, 1
Int32 NodeIDArray: 511, 516, 519, 521, 510, 512
UInt32 CategoryNameHash: KTID de6ae0a0
Int32 KTID d2ea5718: 2

KTID: KTID 12d5d5cb
TypeInfo: Field_Common.kidsobjdb
Parent: KTID 690a3c74
Float32 WorldPosition: 114800, 4000, 75700
UInt32 NavigationNodeVertexNameHash: KTID 1398ac85
Float32 AreaColor: 1, 0,8, 0, 1
Int32 NodeIDArray: 415, 434, 433, 422, 722, 284
UInt32 CategoryNameHash: KTID de6ae0a0
Int32 KTID d2ea5718: 2

KTID: KTID 1398ac85
TypeInfo: TypeInfo::Object::3D::NavigationNodeVertex
Parent: NULL
Int32 Stride: 4
Int32 FloorID: 0
Float32 VertexArray: 38494,47, 3200, 114151,5, 1, 45924,2, 3333, 107793,8, 1, 34455,48, 3100, 93760,08, 1, 29343,76, 3000, 73397,98, 1, 27764,19, 3100, 82768,97, 1, 16391,97, 3000, 58589,05, 1, 17220,9, 3000, 55988,2, 1, 24200, 3100, 41500, 1, 26000, 3100, 37700, 1, 34937,27, 3100, 17106,43, 1, 68915,84, 3100, 25779,71, 1, 84736,05, 3300, 21786,09, 1, 88591,2, 3000, 23368,31, 1, 86778,69, 3300, 22055,34, 1, 75637,21, 3000, 26404,76, 1, 78854,52, 3000, 23783,55, 1, 76516,9, 3000, 25462, 1, 74941,75, 3000, 27608,68, 1, 69900, 3000, 32500, 1, 74197,98, 3100, 51349,44, 1, 77000, 3100, 44100, 1, 79100, 3100, 52400, 1, 76801,78, 3100, 52334,96, 1, 79500, 3100, 45600, 1, 83600, 3100, 48700, 1, 81458,13, 3100, 52986,31, 1, 86700, 3100, 50200, 1, 88600, 3100, 50600, 1, 88300, 3100, 50200, 1, 85999,45, 3100, 55096,93, 1, 88939,82, 3100, 57256,42, 1, 97409,12, 3100, 50980,06, 1, 94600, 3100, 50600, 1, 95705,03, 3100, 50437,34, 1, 96294,34, 3100, 50507,05, 1, 92323,14, 3100, 59038,7, 1, 95097,51, 3100, 59869,69, 1, 98602,72, 3100, 51474,99, 1, 99903,24, 3100, 53916,52, 1, 102138,4, 3100, 56383,84, 1, 96800, 3100, 63400, 1, 97700, 3100, 63500, 1, 107470,9, 3100, 58999,63, 1, 105837,8, 3100, 58509,27, 1, 100700, 3100, 66000, 1, 99700, 3100, 65800, 1, 107737, 3100, 59905,48, 1, 108996,3, 3100, 60981,01, 1, 102195,1, 3100, 67735,21, 1, 109164, 3100, 62319,38, 1, 110121,1, 3100, 63912,55, 1, 110405,6, 3100, 64058,32, 1, 110686,2, 3100, 65829,42, 1, 103300, 3100, 69600, 1, 104600, 3100, 74000, 1, 111158,7, 3100, 68273,55, 1, 111695,8, 3100, 71191,37, 1, 111470,6, 3100, 72896,65, 1, 104600, 3100, 77300, 1, 103579,6, 3100, 79014,45, 1, 101076,3, 3100, 81678,66, 1, 111729,3, 3100, 86480,99, 1, 108944,2, 3100, 87598,97, 1, 107429,2, 3100, 88820,8, 1, 107894,6, 3100, 88701,66, 1, 98993,81, 3100, 82639,45, 1, 100965,3, 3100, 92155,48, 1, 103420,9, 3100, 90910,23, 1, 98782,21, 3100, 91588,45, 1, 93800, 3100, 83200, 1, 91684,81, 3100, 91785,89, 1, 91118,17, 3100, 91487,93, 1, 88678,74, 3100, 91237,9, 1, 84015,28, 3100, 88221,88, 1, 87173,01, 3100, 89793,77, 1, 90700, 3100, 81600, 1, 85421,98, 3100, 79627,8, 1, 82300, 3100, 88400, 1, 82232,9, 3100, 88053,04, 1, 76935, 3100, 78003,24, 1, 76837,57, 3100, 87974,83, 1, 73514,45, 3100, 88421,12, 1, 71555,51, 3000, 89044,16, 1, 71300, 3100, 79200, 1, 70960,34, 3100, 76371,75, 1, 63500, 3100, 76700, 1, 71851,92, 3100, 75362,77, 1, 44233,8, 6800, 116043,1, 1, 112454, 3897,99, 86649,31, 1, 105900, 5600, 91400, 1, 114072,1, 3347,831, 84779,47, 1, 70600, 5200, 74200, 1, 60475,23, 5100, 74535,25, 1, 33985,93, 6300, 74034,19, 1, 112391,6, 3100, 85266,09, 1, 113500, 3100, 81200, 1, 106030,7, 3100, 90018,99, 1, 36600, 3200, 78400, 1, 33600, 3100, 76500, 1, 96800, 3100, 83600, 1, 52870,89, 6856,949, 112320,9, 1, 46482,51, 6662,313, 116186,7, 1, 44800, 6600, 120800, 1, 49300, 7200, 120400, 1, 54400, 7700, 117400, 1, 19928,88, 3409,551, 73131,04, 1, 23059,79, 3000, 77768,26, 1, 61766,91, 4300, 71238,28, 1, 67181,09, 5100, 71973,73, 1, 63439,95, 4400, 72016,03, 1, 70815,3, 5800, 72283,25, 1, 21500, 6000, 20100, 1, 88200, 6000, 10100, 1, 83500, 6000, 6700, 1, 57301,41, 6002,738, 42192,52, 1, 58200, 6000, 43300, 1, 26220,85, 3300, 117833,1, 1, 22332,09, 3300, 118767,6, 1, 13300, 5100, 124400, 1, 34200, 6173,406, 120000, 1, 12300, 3500, 122000, 1, 18000, 4900, 123800, 1, 22300, 3200, 111900, 1, 23500, 3100, 111300, 1, 19900, 3200, 113300, 1, 14900, 3200, 114600, 1, 13400, 3300, 115700, 1, 28901,33, 3400, 116198,1, 1, 47268,34, 2900, 103639,2, 1, 48657,02, 3000, 99361,67, 1, 47741,3, 3000, 97991,79, 1, 48400, 3000, 96700, 1, 50300, 3000, 93900, 1, 51950,66, 3000, 92374,91, 1, 56900, 3000, 91500, 1, 58400, 3000, 92300, 1, 57100, 3000, 92600, 1, 56961,25, 3100, 84642,34, 1, 48666,44, 3000, 87898,36, 1, 38420,24, 3800, 84218,93, 1, 41656,32, 3200, 88564,23, 1, 45689,57, 3000, 88584,44, 1, 38000, 3300, 80400, 1, 60000, 3000, 93400, 1, 61100, 3000, 92100, 1, 63814,83, 3000, 90618,13, 1, 66886,08, 3000, 88979,83, 1, 65132,32, 3000, 91284,5, 1, 67306,53, 3000, 91047,14, 1, 70100, 2900, 88300, 1, 72749,17, 3000, 89260,52, 1, 95652,23, 7000, 93542,65, 1, 100600, 4900, 93800, 1, 103500, 5100, 93100, 1, 112396,3, 3000, 74867,87, 1, 113641,6, 3000, 75438,14, 1, 115000, 3400, 77900, 1, 115500, 11800, 74300, 1, 116300, 11600, 75700, 1, 114400, 11300, 70600, 1, 114000, 11900, 67900, 1, 115300, 11200, 62700, 1, 114100, 11500, 64900, 1, 68700, 3000, 36700, 1, 70400, 3000, 31000, 1, 72900, 2900, 28600, 1, 90000, 3100, 13500, 1, 83526,32, 3300, 15995,44, 1, 73816,72, 3200, 17299,7, 1, 71112,23, 3100, 17318,24, 1, 67002,7, 3100, 15681,5, 1, 59706,01, 3100, 15620,51, 1, 49687,79, 3100, 13750,17, 1, 53634,59, 3100, 14906,18, 1, 41425,8, 3100, 14892,33, 1, 47100, 3100, 14000, 1, 44200, 3100, 13800, 1, 39100, 3100, 15100, 1, 38919,03, 3100, 16510,61, 1, 37200, 3100, 17000, 1, 35800, 3100, 16500, 1, 30600, 3100, 20100, 1, 32500, 3100, 18200, 1, 26400, 3100, 22400, 1, 24900, 3100, 25300, 1, 22000, 3100, 35000, 1, 20200, 3100, 40700, 1, 18700, 3100, 45100, 1, 18145,62, 3100, 51129,21, 1, 19538,19, 3000, 53808,88, 1, 18600, 3100, 55200, 1, 16500, 3100, 61500, 1, 16344,45, 3300, 65947,57, 1, 16140,46, 3300, 62206,37, 1, 18686,4, 3300, 71327,68, 1, 21204,56, 3544,758, 74931,19, 1, 29985,73, 3100, 83949,94, 1, 32384,51, 3400, 89580,98, 1, 24200, 3100, 79900, 1, 26100, 6000, 84800, 1, 23228,6, 6000, 82520,59, 1, 20700, 6000, 78900, 1, 16200, 5500, 73100, 1, 14451,62, 5700, 68226,02, 1, 14006,99, 5700, 66126,76, 1, 13300, 5700, 62800, 1, 12900, 5800, 59800, 1, 15600, 6200, 45900, 1, 16200, 5900, 43500, 1, 78400, 6000, 7300, 1, 87500, 6000, 7200, 1, 64817,74, 6000, 8522,578, 1, 69582,98, 6100, 8503,167, 1, 45601,84, 6050, 9215,543, 1, 43800, 6100, 11700, 1, 50800, 6300, 11400, 1, 82702,82, 6000, 12427,81, 1, 77907,38, 6000, 11160,95, 1, 75126,04, 6100, 11943,35, 1, 67583,7, 6100, 11272,55, 1, 64500, 6000, 9800, 1, 62500, 6000, 11400, 1, 31472,31, 6200, 14241,02, 1, 29700, 6200, 17500, 1, 25333,95, 6200, 19561,62, 1, 23600, 6000, 21700, 1, 22400, 5900, 24700, 1, 21500, 5600, 27400, 1, 18200, 4700, 38100, 1, 17000, 5000, 41500, 1, 28900, 5900, 88800, 1, 22304,72, 6000, 85527,87, 1, 11301,44, 6100, 63615,43, 1, 56900, 6100, 79700, 1, 40838,11, 6500, 79948,88, 1, 39300, 6500, 77100, 1, 36200, 6400, 74700, 1, 31100, 6200, 71900, 1, 45300, 5900, 78400, 1, 40000, 6500, 75400, 1, 36200, 6700, 73400, 1, 31500, 6600, 71100, 1, 98800, 5900, 79200, 1, 95800, 5800, 79900, 1, 93200, 5800, 78800, 1, 92800, 6000, 76200, 1, 101400, 6000, 77900, 1, 101100, 6000, 76000, 1, 100086,8, 6000, 77180,93, 1, 104300, 3000, 71600, 1, 80100, 2900, 53100, 1, 71600, 2700, 51500, 1, 62700, 3100, 38100, 1, 64100, 2700, 45200, 1, 62900, 2900, 41600, 1, 62700, 3100, 30900, 1, 62000, 3300, 33900, 1, 58700, 5900, 39800, 1, 59400, 5800, 38700, 1, 59800, 6100, 44400, 1, 58900, 5800, 41100, 1, 80300, 6000, 28000, 1, 81100, 6000, 28900, 1, 77900, 6000, 31200, 1, 76800, 6000, 30100, 1, 72300, 5900, 32300, 1, 74500, 6000, 33800, 1, 72800, 6000, 35900, 1, 77800, 6000, 37600, 1, 78000, 6000, 41500, 1, 88100, 6100, 47000, 1, 81100, 6300, 40000, 1, 90500, 6100, 45500, 1, 90300, 6100, 47600, 1, 96900, 6400, 47600, 1, 97800, 6200, 45100, 1, 103600, 6200, 48800, 1, 114800, 6600, 59100, 1, 112300, 6900, 60500, 1, 114100, 7700, 61100, 1, 115300, 8100, 60900, 1, 115400, 7800, 59600, 1, 110300, 6600, 57600, 1, 104300, 6100, 54700, 1, 100600, 6400, 50200, 1, 108600, 6200, 48700, 1, 112500, 6200, 54500, 1, 110600, 6200, 49900, 1, 30100, 3100, 33200, 1, 32600, 3100, 29400, 1, 47500, 3100, 21900, 1, 59000, 3200, 20100, 1, 65100, 3000, 19800, 1, 53100, 3000, 21100, 1, 49900, 3000, 20200, 1, 44500, 3000, 22300, 1, 41640,52, 3000, 21384,46, 1, 38900, 3000, 22800, 1, 35800, 3300, 25500, 1, 23700, 3000, 51200, 1, 22400, 3000, 52900, 1, 22700, 3100, 56300, 1, 23700, 3300, 58000, 1, 25000, 3000, 63600, 1, 24600, 3000, 67000, 1, 24624,32, 3000, 70637,62, 1, 60500, 6000, 24100, 1, 53200, 5900, 23600, 1, 58900, 5800, 23600, 1, 34700, 5500, 30300, 1, 35700, 6400, 30900, 1, 35200, 6000, 34700, 1, 32100, 6000, 34000, 1, 27963,97, 5800, 39202,93, 1, 31800, 6100, 39400, 1, 28496,77, 6055, 45322,81, 1, 26500, 5900, 48800, 1, 27200, 6300, 48900, 1, 30600, 6100, 41800, 1, 73500, 7000, 72000, 1, 88100, 3000, 79600, 1, 117900, 11200, 64800, 1, 117700, 11100, 62700, 1, 121055,2, 11300, 77193,79, 1, 122368,7, 11300, 77420,53, 1, 127600, 10800, 77000, 1, 118200, 11600, 76900, 1, 127800, 11000, 74400, 1, 125200, 11800, 72400, 1, 124300, 11200, 66700, 1, 122100, 11400, 66200, 1, 119400, 11500, 66100, 1, 117200, 4400, 77500, 1, 116500, 3800, 85800, 1, 118994,1, 4600, 86487,65, 1, 120600, 4100, 79200, 1, 114700, 3900, 75500, 1, 96472,45, 7000, 93250,68, 1, 94800, 7000, 96100, 1, 97232,28, 7000, 94154,77, 1, 119990,6, 11300, 89396,73, 1, 118568,8, 11300, 89030,43, 1, 117400, 11500, 93700, 1, 118600, 11600, 94600, 1, 121600, 11800, 91200, 1, 121000, 11700, 95000, 1, 108300, 11400, 96300, 1, 109500, 11200, 93000, 1, 113100, 11400, 87900, 1, 114900, 11500, 89100, 1, 112900, 11700, 96400, 1, 112300, 11900, 101000, 1, 109100, 12100, 103200, 1, 104100, 11200, 101200, 1, 75100, 3100, 27600, 1, 38674,06, 3000, 101553,5, 1, 38623,55, 3000, 104244,4, 1, 36255,86, 3000, 109250,9, 1, 38100, 3400, 95900, 1, 44200, 3000, 110200, 1, 45400, 3000, 109500, 1, 43600, 3100, 111500, 1, 19800, 3900, 120900, 1, 48300,21, 3000, 102270,2, 1, 47565,81, 3000, 105960,3, 1, 31895,69, 5555, 96248,08, 1, 78700, 3200, 15200, 1, 86400, 3400, 14100, 1, 66069,13, 3100, 13906,13, 1, 72500, 6000, 14300, 1, 89900, 3000, 20300, 1, 91320,2, 3000, 19484,62, 1, 48300, 6200, 113100, 1, 51900, 5800, 103300, 1, 55100, 5900, 98800, 1, 57600, 6200, 97200, 1, 61343,25, 5787,244, 97146,41, 1, 67304,94, 5200, 95185,55, 1, 74200, 5000, 92400, 1, 74900, 5300, 93600, 1, 42600, 7100, 119800, 1, 35500, 6300, 122000, 1, 57200, 7900, 110000, 1, 59800, 9100, 111100, 1, 60000, 8600, 107000, 1, 60900, 9000, 107300, 1, 64000, 10700, 107600, 1, 63800, 9900, 105700, 1, 63700, 9300, 102400, 1, 69500, 10900, 102100, 1, 70800, 12100, 107200, 1, 74600, 11500, 101700, 1, 83700, 11900, 104300, 1, 83200, 12000, 102000, 1, 90100, 11900, 102800, 1, 89500, 11900, 102100, 1, 50800, 6600, 110700, 1, 52300, 6800, 110800, 1, 53000, 6700, 108900, 1, 50800, 5900, 109100, 1, 53500, 5800, 104900, 1, 55800, 6000, 101200, 1, 67300, 5600, 96300, 1, 70900, 5400, 95600, 1, 29439,05, 6051,825, 117254,6, 1, 24300, 5400, 121800, 1, 27800, 5400, 121000, 1, 30300, 5900, 122000, 1, 18400, 5500, 125100, 1, 13600, 5400, 125300, 1, 33300, 6200, 108800, 1, 36300, 6700, 105100, 1, 32500, 6200, 101300, 1, 32900, 6000, 103200, 1, 30200, 6000, 108600, 1, 29300, 5800, 106500, 1, 23800, 4700, 107600, 1, 22738,76, 5400, 110770,6, 1, 20200, 5300, 111700, 1, 18800, 5000, 112700, 1, 17000, 4600, 112800, 1, 16100, 4800, 112200, 1, 30400, 5800, 98800, 1, 21300, 5600, 102900, 1, 21100, 4900, 106800, 1, 17300, 6000, 77100, 1, 17900, 5900, 76800, 1, 14400, 5800, 73900, 1, 10986,21, 6000, 68449,19, 1, 15100, 6200, 52700, 1, 34900, 5800, 14200, 1, 37800, 6000, 13000, 1, 63900, 5800, 95900, 1, 64510,46, 5800, 97508,66, 1, 62056,48, 5800, 97325,07, 1, 61300, 5800, 98300, 1, 76200, 8400, 96600, 1, 79000, 8400, 96700, 1, 81400, 8600, 97600, 1, 81700, 8700, 99100, 1, 74300, 8800, 96400, 1, 72700, 8800, 96900, 1, 72176,17, 8700, 98420,27, 1, 72100, 8700, 97700, 1, 72300, 9300, 99900, 1, 51400, 5700, 103100, 1, 50800, 5800, 102400, 1, 49300, 6000, 103300, 1, 48796,45, 5800, 105689,6, 1, 47600, 4500, 110100, 1, 47100, 4500, 108600, 1, 47000, 4500, 109500, 1, 46000, 3000, 107900, 1, 47900, 4500, 107500, 1, 47702,14, 3000, 105954,5, 1, 48600, 4500, 107600, 1, 49100, 4500, 107800, 1, 49400, 5600, 106100, 1, 27715,79, 6594,248, 118097,6, 1, 31065,21, 5739,424, 117081,5, 1, 31836,98, 5838,059, 118347,7, 1, 31735,7, 6247,346, 119629,8, 1, 28351,51, 6327,756, 119415,3, 1, 28539,88, 6552,123, 120420,7, 1, 29533,44, 6268,857, 120640,5, 1, 31116,28, 6111,216, 120112,2, 1, 30433,59, 6251,731, 121397,5, 1, 108045,4, 3333, 83763,13, 1, 107607,9, 3333, 85111,74, 1, 109032,8, 3333, 83264,98, 1, 107700, 3333, 84500, 1, 110172, 3333, 83740,75, 1, 110702,9, 3333, 84622,52, 1, 108100, 3333, 85900, 1, 109500, 3333, 86400, 1, 110453,3, 3333, 85654,13, 1, 106000, 3333, 83200, 1, 106005,6, 3333, 84172,89, 1, 105282,9, 3333, 85356,79, 1, 104635,6, 3333, 85419,86, 1, 103846, 3333, 85262,62, 1, 103160,5, 3333, 84474,62, 1, 103200, 3333, 83100, 1, 104019,3, 3333, 82485,18, 1, 105113,9, 3333, 82472,62, 1, 105793,5, 3333, 84695,73, 1, 105001,6, 3333, 86681,91, 1, 103700, 3333, 86200, 1, 103000, 3333, 86700, 1, 102480,3, 3333, 88225,73, 1, 102700, 3333, 87300, 1, 103106,2, 3333, 89046,38, 1, 104150, 3333, 89309,41, 1, 105058,3, 3333, 88944,21, 1, 105474,8, 3333, 87592,21, 1, 104500, 3333, 86400, 1, 90303,41, 3333, 51723,13, 1, 90317,21, 3333, 52472,61, 1, 90891,37, 3333, 53471,918, 1, 92552,21, 3333, 53428,312, 1, 93145,07, 3333, 52159,73, 1, 92860,07, 3333, 51153,305, 1, 92539,24, 3333, 51002,777, 1, 90919,31, 3333, 50850,145, 1, 93082,12, 3333, 51698,492, 1, 61700, 3333, 87600, 1, 62100, 3333, 88500, 1, 63400, 3333, 88900, 1, 64300, 3333, 88500, 1, 64825,4, 3333, 87149,4, 1, 64712,59, 3333, 87802,91, 1, 64379,2, 3333, 86409,97, 1, 62964,08, 3333, 85858,66, 1, 62022,04, 3333, 86533,1, 1, 43989,68, 3100, 99259,9, 1, 44600, 3100, 99700, 1, 46200, 3100, 99900, 1, 45400, 3100, 99900, 1, 46854,68, 3100, 98996,2, 1, 46800, 3100, 97900, 1, 46196,63, 3100, 97175,89, 1, 44816,27, 3100, 97100,48, 1, 44051,29, 3100, 97816,97, 1, 43904,41, 3100, 98571,97, 1, 42400, 3100, 104800, 1, 43400, 3100, 105000, 1, 44300, 3100, 104600, 1, 42000, 3100, 104600, 1, 41700, 3100, 103800, 1, 41900, 3100, 102800, 1, 42800, 3100, 102100, 1, 44200, 3100, 102500, 1, 44700, 3100, 103300, 1, 44600, 3100, 103900, 1, 71339,46, 3100, 40152,83, 1, 95413,72, 7000, 94232,95, 1, 94890,45, 7000, 94662,55, 1, 95258,05, 7000, 95099,06, 1, 95610,18, 7000, 94782,68, 1, 95982,79, 7000, 95260,57, 1, 96766,77, 7000, 95127,54, 1, 96572,73, 7000, 95028,39, 1, 67698,23, 6000, 10821,6, 1, 69676,08, 6000, 10581,07, 1, 67255,88, 6000, 9846,669, 1, 67262,26, 6100, 9045,697, 1, 70173,33, 6000, 9418,546, 1, 68619,13, 6100, 8387,125, 1, 70016,75, 6000, 10040,13, 1, 72497,34, 7000, 11448,61, 1, 73085,48, 7000, 11237,46, 1, 71642,84, 7000, 10908,01, 1, 71235,17, 7000, 10356,44, 1, 73603,25, 7000, 10138,03, 1, 73421,97, 7000, 10764,82, 1, 71186,16, 7000, 10772,57, 1, 71769,56, 7000, 10429,15, 1, 71946,71, 7000, 9764,905, 1, 73855,92, 7000, 10854,45, 1, 73740,75, 7000, 11395,07, 1, 72874,62, 7000, 9538,804, 1, 73250,84, 7000, 9863,596, 1, 75245,48, 6800, 8644,774, 1, 72863,5, 6700, 8632,038, 1, 71200, 6100, 9300, 1, 67000, 6200, 8400, 1, 54475,85, 6000, 10150,41, 1, 55300, 6000, 10400, 1, 54299,01, 6000, 9588,61, 1, 56468,66, 6000, 9441,782, 1, 55900, 6000, 10000, 1, 54244,77, 6000, 8480,198, 1, 56575,2, 6000, 8726,117, 1, 56350,57, 6000, 8295,999, 1, 55900, 6000, 7900, 1, 54800, 6200, 7900, 1, 55424,19, 6100, 7828,585, 1, 47100, 6050, 8000, 1, 48283,69, 6050, 11286,9, 1, 48433,78, 6800, 11157,98, 1, 48811,64, 6800, 10817,78, 1, 47822,81, 6800, 10566,01, 1, 46885,59, 6800, 9006,174, 1, 46640,57, 6800, 9307,755, 1, 46956,23, 6800, 9680,03, 1, 47320,64, 6800, 9334,387, 1, 47765,57, 6800, 8879,638, 1, 47371,4, 6800, 10586,07, 1, 47155,78, 6800, 10317,39, 1, 48457,12, 6800, 10438,59, 1, 48949,74, 6800, 10019,36, 1, 48685,62, 6800, 9138,544, 1, 54700, 6000, 11400, 1, 49430,1, 6000, 7338,098, 1, 19900, 5600, 27100, 1, 28300,39, 6200, 17998,02, 1, 27600, 6200, 18100, 1, 28000, 6500, 15500, 1, 27100, 6300, 15700, 1, 28600, 6200, 17600, 1, 27100, 6200, 17900, 1, 26600, 6400, 16800, 1, 26800, 6500, 16100, 1, 28700, 6400, 15800, 1, 28972,9, 6233, 16440,22, 1, 25900, 6500, 16900, 1, 19200, 6100, 23800, 1, 22100, 6800, 23600, 1, 22500, 6800, 23300, 1, 21500, 6800, 23100, 1, 22200, 6800, 22900, 1, 20471,09, 6800, 21561,67, 1, 20224,98, 6800, 21856,9, 1, 20828,38, 6800, 22821,14, 1, 21305,63, 6800, 23233,28, 1, 20915,19, 6800, 21891,18, 1, 22608,8, 6800, 22456,96, 1, 21375,34, 6800, 21342,63, 1, 22109,17, 6800, 21540,31, 1, 22348,67, 6800, 21682,77, 1, 22800, 6000, 23600, 1, 19773,48, 6000, 21918,53, 1, 19700, 4600, 35500, 1, 19000, 4600, 35500, 1, 19500, 4600, 35000, 1, 18800, 4600, 35100, 1, 19200, 4600, 34600, 1, 19448,92, 4700, 34288,85, 1, 18390,31, 4600, 35277,73, 1, 17200, 5400, 33700, 1, 18345,89, 5400, 33020,39, 1, 16982,01, 4922, 34605,64, 1, 19133,27, 5100, 33338,01, 1, 13100, 5900, 67100, 1, 13400, 5800, 66500, 1, 13189,11, 5855, 65988,03, 1, 11771,61, 6000, 64871,69, 1, 11444,87, 6100, 64994,29, 1, 10816,12, 6055, 65656,16, 1, 11300, 5955, 67100, 1, 12482,87, 5900, 65014,32, 1, 12721,65, 5900, 65291,9, 1, 10854,04, 6000, 66557,52, 1, 22400, 6800, 81100, 1, 22741,36, 6800, 82002,66, 1, 21800, 6800, 80900, 1, 22419,62, 6800, 82284,88, 1, 20768,85, 6800, 81521,94, 1, 21294,1, 6800, 81163,27, 1, 21351,66, 6800, 80460,28, 1, 22812,73, 6800, 82646,69, 1, 23041,21, 6800, 82379,56, 1, 20967, 6800, 80799,73, 1, 21915,3, 6800, 82732,46, 1, 21024,67, 6800, 82440,61, 1, 18500, 6100, 85300, 1, 18600, 6000, 82200, 1, 18800, 6000, 80700, 1, 27000, 5800, 102700, 1, 29400, 5900, 100900, 1, 25600, 5900, 91700, 1, 30537,94, 6500, 93972,41, 1, 29957,18, 7400, 92046,55, 1, 28900, 7400, 92000, 1, 28300, 7400, 92500, 1, 28700, 6500, 95000, 1, 29500, 6500, 94900, 1, 31221,17, 5800, 92268,4, 1, 31000, 5700, 97400, 1, 30600, 5600, 95900, 1, 29300, 5900, 95700, 1, 26300, 5900, 93300, 1, 27400, 6300, 95200, 1, 57700, 6800, 22900, 1, 56400, 6800, 22800, 1, 55200, 6800, 23400, 1, 55300, 6800, 23900, 1, 57800, 6800, 23200, 1, 57400, 6800, 24000, 1, 56800, 6800, 24600, 1, 55900, 6800, 24500, 1, 54000, 6100, 24900, 1, 55900, 6100, 25500, 1, 57400, 6000, 25500, 1, 60000, 6000, 25400, 1, 26200, 6800, 42600, 1, 26900, 6800, 41600, 1, 26600, 6800, 43400, 1, 27700, 6800, 41800, 1, 27600, 6800, 43800, 1, 28800, 6400, 42400, 1, 78000, 6800, 73500, 1, 78300, 6800, 75500, 1, 77900, 6800, 74400, 1, 80200, 6400, 75100, 1, 81052,64, 6400, 74736,53, 1, 79300, 6800, 73600, 1, 79700, 6800, 74100, 1, 31980,08, 6500, 71343,95, 1, 33700, 6800, 73600, 1, 32600, 6800, 73100, 1, 31900, 6800, 71900, 1, 32100, 6800, 71600, 1, 35000, 6400, 72100, 1, 33000, 6800, 71400, 1, 33800, 6800, 71600, 1, 67100, 5200, 74300, 1, 62817,63, 4700, 74589,14, 1, 63700, 4600, 73500, 1, 64377,5, 4800, 74018,5, 1, 63996,53, 4600, 73278,09, 1, 64512,59, 4733, 73733,95, 1, 65600, 4700, 71400, 1, 66200, 4800, 71900, 1, 66300, 4800, 72900, 1, 65800, 4800, 73400, 1, 64300, 4500, 71700, 1, 65100, 4600, 71300, 1, 64000, 4500, 72800, 1, 65000, 4800, 73700, 1, 59700, 7000, 76200, 1, 58600, 7000, 77500, 1, 59200, 7000, 77100, 1, 57800, 7400, 77900, 1, 55400, 6000, 78200, 1, 54200, 6300, 76300, 1, 56600, 5800, 72100, 1, 57192,98, 7400, 78545,52, 1, 58573,48, 7000, 74928,71, 1, 55400, 6000, 80100, 1, 53800, 6000, 77600, 1, 46400, 6000, 79200, 1, 45235,48, 6455, 82405,8, 1, 50200, 5800, 82500, 1, 49600, 7200, 82800, 1, 47500, 6800, 83100, 1, 46300, 6900, 83000, 1, 52000, 6800, 81800, 1, 53400, 6800, 81700, 1, 54500, 6800, 81000, 1, 55900, 7400, 77400, 1, 56100, 7400, 78100, 1, 52400, 6800, 81200, 1, 51900, 6800, 81400, 1, 54300, 6800, 80600, 1, 53700, 6800, 80100, 1, 52200, 6800, 80600, 1, 52900, 6800, 79900, 1, 49800, 7200, 81200, 1, 46447,12, 6800, 80589,29, 1, 46000, 6800, 82100, 1, 49900, 7200, 81900, 1, 52800, 6000, 78400, 1, 51800, 5900, 79700, 1, 50600, 5900, 80200, 1, 97500, 7900, 8100, 1, 97000, 7900, 7300, 1, 93200, 8600, 6800, 1, 95700, 9400, 9800, 1, 93000, 8900, 10100, 1, 92100, 8800, 9600, 1, 80900, 7800, 26300, 1, 83700, 7900, 27400, 1, 81500, 8100, 25000, 1, 82400, 8600, 24600, 1, 86600, 8100, 26100, 1, 85900, 8200, 25200, 1, 84900, 7800, 26500, 1, 10699,62, 6400, 122876,3, 1, 10329,41, 5200, 114211,5, 1
Int32 VertexIDArray: 6, 12, 15, 25, 28, 42, 46, 50, 52, 65, 83, 94, 119, 120, 124, 127, 129, 130, 134, 150, 154, 158, 159, 160, 161, 162, 166, 167, 168, 170, 175, 179, 181, 182, 183, 184, 185, 187, 188, 189, 190, 191, 192, 193, 194, 195, 196, 197, 198, 199, 200, 201, 202, 203, 207, 208, 209, 210, 212, 215, 220, 224, 228, 229, 230, 235, 238, 252, 253, 255, 256, 257, 258, 259, 260, 261, 264, 266, 267, 272, 274, 275, 276, 281, 310, 313, 304, 687, 527, 689, 722, 929, 932, 948, 211, 216, 250, 955, 956, 237, 118, 121, 123, 125, 126, 301, 303, 320, 321, 322, 327, 445, 515, 520, 539, 546, 551, 558, 561, 573, 562, 560, 578, 579, 4, 5, 583, 577, 575, 584, 585, 586, 587, 588, 589, 590, 591, 309, 311, 312, 316, 592, 21, 26, 27, 36, 23, 299, 308, 314, 315, 22, 282, 283, 115, 246, 284, 294, 295, 296, 218, 232, 324, 151, 140, 141, 88, 97, 98, 100, 79, 84, 86, 87, 78, 71, 72, 73, 85, 89, 64, 69, 63, 90, 58, 53, 56, 51, 49, 45, 57, 31, 35, 37, 43, 30, 91, 101, 2, 102, 103, 105, 113, 128, 156, 176, 214, 278, 323, 334, 332, 336, 337, 340, 343, 344, 345, 347, 346, 348, 349, 350, 341, 352, 353, 354, 356, 357, 362, 363, 131, 302, 364, 298, 373, 372, 374, 375, 378, 380, 383, 388, 317, 359, 365, 370, 377, 379, 391, 206, 135, 136, 137, 138, 139, 142, 143, 146, 147, 148, 149, 163, 164, 165, 169, 171, 174, 186, 271, 277, 306, 376, 381, 384, 382, 385, 389, 392, 393, 394, 395, 396, 397, 398, 399, 390, 400, 401, 54, 55, 68, 75, 76, 77, 80, 81, 82, 67, 59, 32, 33, 34, 38, 39, 40, 41, 44, 62, 66, 122, 270, 402, 403, 405, 409, 410, 411, 412, 413, 442, 273, 420, 421, 423, 424, 425, 426, 428, 429, 430, 431, 432, 415, 422, 433, 434, 285, 414, 419, 435, 408, 436, 441, 443, 450, 451, 468, 469, 477, 455, 456, 457, 489, 490, 495, 29, 3, 9, 7, 10, 11, 13, 1, 14, 60, 106, 92, 93, 99, 205, 16, 17, 18, 24, 70, 95, 96, 74, 110, 107, 111, 132, 204, 217, 254, 262, 263, 265, 269, 297, 342, 268, 404, 407, 416, 417, 418, 427, 452, 453, 458, 459, 461, 462, 19, 454, 460, 463, 466, 471, 8, 467, 133, 470, 472, 465, 473, 474, 475, 476, 478, 479, 117, 487, 488, 464, 480, 483, 112, 492, 227, 328, 330, 331, 496, 497, 494, 498, 499, 500, 501, 502, 503, 504, 513, 506, 507, 508, 509, 510, 511, 512, 514, 516, 517, 519, 521, 522, 481, 484, 485, 486, 491, 493, 505, 530, 531, 523, 524, 525, 518, 528, 529, 532, 533, 534, 535, 538, 540, 541, 542, 543, 545, 544, 547, 537, 548, 549, 550, 552, 553, 554, 555, 556, 557, 559, 563, 564, 565, 566, 567, 569, 570, 571, 576, 292, 568, 572, 574, 580, 581, 582, 593, 594, 599, 600, 601, 602, 603, 604, 605, 606, 607, 608, 610, 611, 612, 613, 614, 615, 616, 617, 618, 619, 144, 109, 114, 116, 145, 157, 108, 172, 180, 219, 221, 222, 225, 223, 226, 231, 234, 236, 239, 240, 241, 242, 243, 244, 245, 247, 248, 249, 251, 286, 287, 305, 293, 333, 335, 536, 339, 595, 596, 597, 598, 609, 621, 622, 623, 625, 626, 627, 624, 628, 629, 630, 631, 632, 633, 634, 635, 636, 288, 638, 290, 448, 449, 640, 641, 642, 643, 644, 646, 647, 648, 444, 360, 439, 440, 437, 639, 645, 649, 650, 651, 652, 653, 654, 655, 656, 657, 658, 446, 662, 663, 664, 665, 668, 666, 667, 669, 670, 671, 361, 660, 673, 674, 675, 676, 677, 678, 679, 680, 685, 686, 683, 688, 690, 691, 692, 693, 694, 695, 696, 697, 684, 681, 700, 358, 698, 153, 20, 213, 279, 701, 300, 702, 104, 703, 704, 705, 706, 707, 47, 48, 61, 712, 713, 714, 715, 716, 710, 711, 709, 717, 721, 723, 725, 726, 727, 406, 369, 719, 325, 724, 368, 732, 733, 728, 386, 387, 729, 734, 735, 736, 737, 741, 742, 366, 738, 743, 744, 745, 746, 747, 748, 749, 750, 751, 752, 753, 754, 755, 756, 757, 758, 760, 280, 318, 762, 763, 766, 319, 155, 152, 767, 329, 307, 371, 765, 770, 771, 772, 773, 775, 776, 777, 778, 779, 780, 781, 367, 783, 769, 774, 173, 177, 178, 233, 289, 291, 326, 338, 351, 355, 438, 447, 482, 526, 620

KTID: KTID 16c1b0d1
TypeInfo: Field_Common.kidsobjdb
Parent: KTID 690a3c74
Float32 WorldPosition: 86700, 3100, 50200
UInt32 NavigationNodeVertexNameHash: KTID 1398ac85
Int32 NodeIDArray: 166, 168, 167, 571, 563, 564, 565, 566, 567, 576, 569, 181, 182, 183, 179, 187, 185, 184, 175, 170
UInt32 CategoryNameHash: KTID b4a17b1e

KTID: KTID 17f803b0
TypeInfo: Field_Common.kidsobjdb
Parent: KTID 690a3c74
Float32 WorldPosition: 21500, 6000, 20100
UInt32 NavigationNodeVertexNameHash: KTID 1398ac85
Float32 AreaColor: 1, 0,8, 0, 1
Int32 NodeIDArray: 653, 656, 655, 654, 652, 645, 445, 444, 646, 644, 643, 449, 448, 642, 648, 647, 640, 341, 352, 353, 354
UInt32 CategoryNameHash: KTID de6ae0a0
Int32 KTID d2ea5718: 2

KTID: KTID 192e568f
TypeInfo: Field_Common.kidsobjdb
Parent: KTID 690a3c74
Float32 WorldPosition: 27600, 6000, 90300
UInt32 NavigationNodeVertexNameHash: KTID 1398ac85
Float32 AreaColor: 1, 0,8, 0, 1
Int32 NodeIDArray: 104, 213, 279, 701, 300, 707, 706, 153, 302, 684, 681, 690, 697, 696, 688, 693, 694, 103, 102, 131
UInt32 CategoryNameHash: KTID de6ae0a0
Int32 KTID d2ea5718: 2

KTID: KTID 1a64a96e
TypeInfo: Field_Common.kidsobjdb
Parent: KTID 690a3c74
Float32 WorldPosition: 63500, 4700, 74200
UInt32 NavigationNodeVertexNameHash: KTID 1398ac85
Float32 AreaColor: 1, 0,8, 0, 1
Int32 NodeIDArray: 749, 751, 743, 366, 742, 932, 318, 770, 757, 758, 760, 320, 322
UInt32 CategoryNameHash: KTID de6ae0a0
Int32 KTID d2ea5718: 2

KTID: KTID 222e48b3
TypeInfo: Field_Common.kidsobjdb
Parent: KTID 690a3c74
Float32 WorldPosition: 24900, 3100, 25300
UInt32 NavigationNodeVertexNameHash: KTID 1398ac85
Int32 NodeIDArray: 58, 90, 69, 63, 65, 64, 89, 85, 73, 78, 72, 71, 86, 87, 84, 99, 79, 100, 83, 76, 75, 77, 80, 68, 81, 82, 67, 59, 55
UInt32 CategoryNameHash: KTID b4a17b1e

KTID: KTID 2459957b
TypeInfo: Field_Common.kidsobjdb
Parent: KTID b7a3eb00
Int32 KTID b16d01b4: 0
Int32 KTID b321da53: 1
Int32 KTID 051dd440: 412
Int32 KTID f3a0dac1: 411
Int32 KTID 06d2acdf: 9
Int32 KTID f555b360: 10
UInt32 KTID 4829e35a: KTID 1398ac85
UInt32 KTID 49debbf9: KTID 4d4485fe
Int32 KTID d2ea5718: 0

KTID: KTID 2473f70f
TypeInfo: Field_Common.kidsobjdb
Parent: KTID 690a3c74
Float32 WorldPosition: 72900, 2900, 28600
UInt32 NavigationNodeVertexNameHash: KTID 1398ac85
Int32 NodeIDArray: 141, 140, 134, 151, 144, 154, 160, 161, 166, 170, 162, 135, 158, 159, 150, 136, 138, 139, 137, 143, 142, 83
UInt32 CategoryNameHash: KTID b4a17b1e

KTID: KTID 2b57f954
TypeInfo: Field_Common.kidsobjdb
Parent: KTID 690a3c74
Float32 WorldPosition: 78900, 3000, 23900
UInt32 NavigationNodeVertexNameHash: KTID 1398ac85
Float32 AreaColor: 0,6, 0,6, 0,6, 1
Int32 NodeIDArray: 171, 186, 277, 306, 384, 382, 399, 398, 397, 393, 394, 232, 324, 218, 296, 294, 295, 285, 415, 284, 722, 422, 527, 689, 283, 282, 414, 22, 109, 114, 116, 145, 157, 419, 500, 499, 498, 494, 501, 502, 504, 503, 461, 462, 107, 110, 74, 330, 96, 95, 70, 24, 506, 507, 508, 509, 60, 575, 14, 584, 585, 586, 587, 588, 589, 591, 590, 26, 27, 36, 299, 308, 23, 314, 276, 315, 275, 274, 267, 266, 259, 260, 258, 257, 256, 253, 238, 252, 250, 229, 230, 228, 224, 211, 216, 246, 115, 210, 209, 208, 202, 201, 200, 199, 197, 196, 192, 193, 189, 188, 187, 179, 183, 182, 181, 569, 570, 571, 167, 168, 166, 161, 160, 154, 144, 151, 134, 140, 141, 495, 130, 124, 129, 127, 163, 169
UInt32 CategoryNameHash: KTID de6ae0a0
Int32 KTID d2ea5718: 3

KTID: KTID 2d9da7b0
TypeInfo: Field_Common.kidsobjdb
Parent: KTID 690a3c74
Float32 WorldPosition: 40600, 3200, 88100
UInt32 NavigationNodeVertexNameHash: KTID 1398ac85
Float32 AreaColor: 0,6, 0,6, 0,6, 1
Int32 NodeIDArray: 312, 21, 955, 956, 25, 41, 375, 729, 387, 386, 948, 374, 372, 373, 319, 329, 767, 152, 155, 307, 371, 765, 762, 298, 280, 756, 754, 755, 753, 318, 932, 742, 741, 929, 327, 442, 369, 325, 719, 724, 368, 264, 272, 304, 310, 313, 309, 311, 592, 316
UInt32 CategoryNameHash: KTID de6ae0a0
Int32 KTID d2ea5718: 3

KTID: KTID 2fe3560c
TypeInfo: Field_Common.kidsobjdb
Parent: KTID 690a3c74
Float32 WorldPosition: 14400, 5800, 73900
UInt32 NavigationNodeVertexNameHash: KTID 1398ac85
Float32 AreaColor: 1, 0,8, 0, 1
Int32 NodeIDArray: 483, 112, 677, 361, 128, 113
UInt32 CategoryNameHash: KTID de6ae0a0
Int32 KTID d2ea5718: 2

KTID: KTID 35497acb
TypeInfo: Field_Common.kidsobjdb
Parent: KTID 690a3c74
Float32 WorldPosition: 106000, 3300, 83200
UInt32 NavigationNodeVertexNameHash: KTID 1398ac85
Float32 AreaColor: 0, 0, 1, 1
Int32 NodeIDArray: 538, 537, 540, 541, 542, 543, 545, 544, 547, 535
UInt32 CategoryNameHash: KTID b4a17b1e
Int32 KTID 597011b7: 2
Int32 KTID dff5cc56: 3
Int32 KTID ed014194: 33

KTID: KTID 367fcdaa
TypeInfo: Field_Common.kidsobjdb
Parent: KTID 690a3c74
Float32 WorldPosition: 72200, 6000, 13500
UInt32 NavigationNodeVertexNameHash: KTID 1398ac85
Float32 AreaColor: 1, 0,8, 0, 1
Int32 NodeIDArray: 348, 180, 219, 226, 225, 337, 287, 286, 244, 243, 239, 242, 236, 231, 205
UInt32 CategoryNameHash: KTID de6ae0a0
Int32 KTID d2ea5718: 2

KTID: KTID 37b62089
TypeInfo: Field_Common.kidsobjdb
Parent: KTID 690a3c74
Float32 WorldPosition: 20000, 5100, 31700
UInt32 NavigationNodeVertexNameHash: KTID 1398ac85
Float32 AreaColor: 1, 0,8, 0, 1
Int32 NodeIDArray: 666, 670, 667, 669, 671, 668, 665, 663, 662, 664
UInt32 CategoryNameHash: KTID de6ae0a0
Int32 KTID d2ea5718: 2
Int32 KTID 597011b7: 2
Int32 KTID dff5cc56: 23
Int32 KTID ed014194: 30

KTID: KTID 38ec7368
TypeInfo: Field_Common.kidsobjdb
Parent: KTID 690a3c74
Float32 WorldPosition: 28496,77, 6000, 45322,81
UInt32 NavigationNodeVertexNameHash: KTID 1398ac85
Float32 AreaColor: 1, 0,8, 0, 1
Int32 NodeIDArray: 721, 725, 727, 406, 413, 410, 412, 411
UInt32 CategoryNameHash: KTID de6ae0a0
Int32 KTID d2ea5718: 2

KTID: KTID 390d06ad
TypeInfo: Field_Common.kidsobjdb
Parent: KTID 690a3c74
Float32 WorldPosition: 30551,543, 6013,256, 118816,586
UInt32 NavigationNodeVertexNameHash: KTID 1398ac85
Float32 AreaColor: 1, 0,8, 0, 1
Int32 NodeIDArray: 19, 484, 485, 486, 530, 531, 505, 493, 491, 481
UInt32 CategoryNameHash: KTID de6ae0a0
Int32 KTID d2ea5718: 2

KTID: KTID 3a22c647
TypeInfo: Field_Common.kidsobjdb
Parent: KTID 690a3c74
Float32 WorldPosition: 53400, 6800, 81600
UInt32 NavigationNodeVertexNameHash: KTID 1398ac85
Float32 AreaColor: 1, 0,8, 0, 1
Int32 NodeIDArray: 307, 773, 772, 777, 778, 776, 775, 765, 371
UInt32 CategoryNameHash: KTID de6ae0a0
Int32 KTID d2ea5718: 2
Int32 KTID 597011b7: 2
Int32 KTID dff5cc56: 17
Int32 KTID ed014194: 31

KTID: KTID 3c55b9d2
TypeInfo: Field_Common.kidsobjdb
Parent: KTID 690a3c74
Float32 WorldPosition: 74376,2, 6100, 9259,086
UInt32 NavigationNodeVertexNameHash: KTID 1398ac85
Float32 AreaColor: 1, 0,8, 0, 1
Int32 NodeIDArray: 205, 231, 234, 247, 245, 241, 240, 249, 248, 244, 286, 251, 334, 520, 332, 515, 345, 347, 346
UInt32 CategoryNameHash: KTID de6ae0a0
Int32 KTID d2ea5718: 2

KTID: KTID 3d8c0cb1
TypeInfo: Field_Common.kidsobjdb
Parent: KTID 690a3c74
Float32 WorldPosition: 19200, 6100, 23800
UInt32 NavigationNodeVertexNameHash: KTID 1398ac85
Float32 AreaColor: 1, 0,8, 0, 1
Int32 NodeIDArray: 437, 651, 650, 649, 645, 652, 654, 655, 656, 653, 639, 440, 439
UInt32 CategoryNameHash: KTID de6ae0a0
Int32 KTID d2ea5718: 2
Int32 KTID 597011b7: 2
Int32 KTID dff5cc56: 10
Int32 KTID ed014194: 31

KTID: KTID 3ec25f90
TypeInfo: Field_Common.kidsobjdb
Parent: KTID 690a3c74
Float32 WorldPosition: 30400, 6500, 93900
UInt32 NavigationNodeVertexNameHash: KTID 1398ac85
Float32 AreaColor: 1, 0,8, 0, 1
Int32 NodeIDArray: 702, 300, 701, 279, 213, 20
UInt32 CategoryNameHash: KTID de6ae0a0
Int32 KTID d2ea5718: 2
Int32 KTID 597011b7: 2
Int32 KTID dff5cc56: 14
Int32 KTID ed014194: 31

KTID: KTID 3ff8b26f
TypeInfo: Field_Common.kidsobjdb
Parent: KTID 690a3c74
Float32 WorldPosition: 55400, 6000, 78200
UInt32 NavigationNodeVertexNameHash: KTID 1398ac85
Float32 AreaColor: 1, 0,8, 0, 1
Int32 NodeIDArray: 757, 770, 771, 280, 298, 762, 765, 775, 776, 778, 777, 772, 773, 307, 152, 367, 779, 780, 766, 774, 769, 783, 763, 758
UInt32 CategoryNameHash: KTID de6ae0a0
Int32 KTID d2ea5718: 2

KTID: KTID 41817750
TypeInfo: Field_Common.kidsobjdb
Parent: KTID 690a3c74
Float32 WorldPosition: 49000, 2500, 105700
UInt32 NavigationNodeVertexNameHash: KTID 1398ac85
Int32 NodeIDArray: 590, 591, 589, 588, 587, 586, 585, 584, 603, 604, 605, 606, 607, 7, 15, 101, 91, 28, 2, 303, 25, 956, 955, 21, 312, 316, 592, 311, 309, 313, 310, 304, 272, 281, 594, 292, 568
UInt32 CategoryNameHash: KTID b4a17b1e

KTID: KTID 4cd674b9
TypeInfo: Field_Common.kidsobjdb
Parent: KTID b7a3eb00
Int32 KTID b16d01b4: 0
Int32 KTID b321da53: 1
Int32 KTID 051dd440: 464
Int32 KTID f3a0dac1: 480
Int32 KTID 06d2acdf: 22
Int32 KTID f555b360: 23
UInt32 KTID 4829e35a: KTID 1398ac85
UInt32 KTID 49debbf9: KTID 4d4485fe
Int32 KTID d2ea5718: 0

KTID: KTID 4cf0d64d
TypeInfo: Field_Common.kidsobjdb
Parent: KTID 690a3c74
Float32 WorldPosition: 72500, 3300, 14000
UInt32 NavigationNodeVertexNameHash: KTID 1398ac85
Int32 NodeIDArray: 100, 98, 92, 97, 93, 88, 17, 16, 119, 120, 94, 127, 129, 124, 130, 141, 83
UInt32 CategoryNameHash: KTID b4a17b1e

KTID: KTID 4d4485fe
TypeInfo: TypeInfo::Object::3D::NavigationNodeVertex
Parent: NULL
Int32 Stride: 4
Int32 FloorID: 1
Float32 VertexArray: 0, 0, 0, 0, 38200, 7700, 14800, 1, 36600, 7800, 15600, 1, 37400, 8300, 18000, 1, 39100, 8300, 17200, 1, 40800, 9800, 19800, 1, 38900, 10100, 21200, 1, 41700, 9000, 22000, 1, 39700, 9100, 23000, 1, 24000, 7100, 53600, 1, 23900, 7100, 55300, 1, 22200, 7500, 53100, 1, 22500, 7700, 55100, 1, 19300, 6400, 53000, 1, 19500, 6500, 54400, 1, 16500, 6300, 53900, 1, 15200, 6100, 53000, 1, 14900, 6200, 55500, 1, 13000, 6200, 56900, 1, 14400, 6300, 56900, 1, 17800, 6200, 52600, 1, 18100, 6200, 54100, 1, 19200, 7800, 74300, 1, 18100, 7500, 72800, 1, 21500, 8400, 73300, 1, 20700, 7600, 71000, 1, 23000, 7600, 70300, 1, 24100, 7600, 71700, 1, 25900, 7700, 70700, 1, 25300, 7700, 69400, 1, 91000, 10000, 22100, 1, 91600, 10100, 21000, 1, 92300, 8900, 15600, 1, 91100, 9700, 10900, 1, 91700, 9600, 9900, 1, 92700, 9700, 10200, 1, 95800, 9800, 15900, 1, 95800, 9400, 20100, 1, 94700, 8500, 25200, 1, 92400, 9700, 24800, 1, 89900, 8100, 24900, 1
Int32 VertexIDArray: 0, 1, 2, 3, 4, 5, 6, 7, 8, 9, 10, 11, 12, 13, 14, 16, 17, 15, 18, 19, 20, 21, 22, 23, 24, 25, 26, 27, 28, 29, 30, 31, 32, 33, 34, 35, 36, 37, 38, 39, 40

KTID: KTID 53d4d892
TypeInfo: Field_Common.kidsobjdb
Parent: KTID 690a3c74
Float32 WorldPosition: 19200, 7800, 74300
UInt32 NavigationNodeVertexNameHash: KTID 4d4485fe
Int32 FloorID: 1
Float32 AreaColor: 1, 0,8, 0, 1
Int32 NodeIDArray: 22, 23, 25, 26, 29, 28, 27, 24
UInt32 CategoryNameHash: KTID de6ae0a0
Int32 KTID d2ea5718: 2

KTID: KTID 561a86ee
TypeInfo: Field_Common.kidsobjdb
Parent: KTID 690a3c74
Float32 WorldPosition: 53100, 3000, 21300
UInt32 NavigationNodeVertexNameHash: KTID 1398ac85
Float32 AreaColor: 0,6, 0,6, 0,6, 1
Int32 NodeIDArray: 75, 76, 44, 66, 47, 48, 61, 62, 68, 80, 77
UInt32 CategoryNameHash: KTID de6ae0a0
Int32 KTID d2ea5718: 3

KTID: KTID 5add83cc
TypeInfo: Field_Common.kidsobjdb
Parent: KTID 690a3c74
Float32 WorldPosition: 105100, 3300, 86800
UInt32 NavigationNodeVertexNameHash: KTID 1398ac85
Float32 AreaColor: 0, 0, 1, 1
Int32 NodeIDArray: 557, 556, 555, 554, 552, 553, 550, 549, 559, 548
UInt32 CategoryNameHash: KTID b4a17b1e
Int32 KTID 597011b7: 2
Int32 KTID dff5cc56: 4
Int32 KTID ed014194: 33

KTID: KTID 5c13d6ab
TypeInfo: Field_Common.kidsobjdb
Parent: KTID 690a3c74
Float32 WorldPosition: 50800, 6300, 11400
UInt32 NavigationNodeVertexNameHash: KTID 1398ac85
Float32 AreaColor: 1, 0,8, 0, 1
Int32 NodeIDArray: 631, 630, 624, 628, 629, 633, 632, 627, 625, 626, 344, 623, 343, 340, 622
UInt32 CategoryNameHash: KTID de6ae0a0
Int32 KTID d2ea5718: 2

KTID: KTID 5d4a298a
TypeInfo: Field_Common.kidsobjdb
Parent: KTID 690a3c74
Float32 WorldPosition: 10986,213, 6000, 68449,19
UInt32 NavigationNodeVertexNameHash: KTID 1398ac85
Float32 AreaColor: 1, 0,8, 0, 1
Int32 NodeIDArray: 156, 128, 361, 660, 673, 679, 678, 674, 675, 364, 214, 176
UInt32 CategoryNameHash: KTID de6ae0a0
Int32 KTID d2ea5718: 2

KTID: KTID 5e807c69
TypeInfo: Field_Common.kidsobjdb
Parent: KTID 690a3c74
Float32 WorldPosition: 26300, 6800, 42700
UInt32 NavigationNodeVertexNameHash: KTID 1398ac85
Float32 AreaColor: 1, 0,8, 0, 1
Int32 NodeIDArray: 721, 723, 726, 406, 727, 725
UInt32 CategoryNameHash: KTID de6ae0a0
Int32 KTID d2ea5718: 2
Int32 KTID 597011b7: 2
Int32 KTID dff5cc56: 11
Int32 KTID ed014194: 31

KTID: KTID 5fb6cf48
TypeInfo: Field_Common.kidsobjdb
Parent: KTID 690a3c74
Float32 WorldPosition: 46300, 6800, 82800
UInt32 NavigationNodeVertexNameHash: KTID 1398ac85
Float32 AreaColor: 1, 0,8, 0, 1
Int32 NodeIDArray: 329, 781, 780, 779, 367, 152, 767
UInt32 CategoryNameHash: KTID de6ae0a0
Int32 KTID d2ea5718: 2
Int32 KTID 597011b7: 2
Int32 KTID dff5cc56: 7
Int32 KTID ed014194: 34

KTID: KTID 61e9c2d3
TypeInfo: Field_Common.kidsobjdb
Parent: KTID 690a3c74
Float32 WorldPosition: 64500, 6000, 9800
UInt32 NavigationNodeVertexNameHash: KTID 1398ac85
Float32 AreaColor: 1, 0,8, 0, 1
Int32 NodeIDArray: 305, 222, 221, 180, 348, 349, 350, 288, 293, 333, 339, 536, 596, 597, 336
UInt32 CategoryNameHash: KTID de6ae0a0
Int32 KTID d2ea5718: 2

KTID: KTID 632015b2
TypeInfo: Field_Common.kidsobjdb
Parent: KTID 690a3c74
Float32 WorldPosition: 24200, 6400, 17700
UInt32 NavigationNodeVertexNameHash: KTID 1398ac85
Float32 AreaColor: 1, 0,8, 0, 1
Int32 NodeIDArray: 643, 644, 646, 641, 640, 647, 648, 642, 448, 449
UInt32 CategoryNameHash: KTID de6ae0a0
Int32 KTID d2ea5718: 2
Int32 KTID 597011b7: 2
Int32 KTID dff5cc56: 24
Int32 KTID ed014194: 30

KTID: KTID 64566891
TypeInfo: Field_Common.kidsobjdb
Parent: KTID 690a3c74
Float32 WorldPosition: 57700, 6800, 23000
UInt32 NavigationNodeVertexNameHash: KTID 1398ac85
Float32 AreaColor: 1, 0,8, 0, 1
Int32 NodeIDArray: 713, 714, 715, 716, 712, 61, 48, 47
UInt32 CategoryNameHash: KTID de6ae0a0
Int32 KTID d2ea5718: 2
Int32 KTID 597011b7: 2
Int32 KTID dff5cc56: 9
Int32 KTID ed014194: 31

KTID: KTID 658cbb70
TypeInfo: Field_Common.kidsobjdb
Parent: KTID 690a3c74
Float32 WorldPosition: 57100, 7400, 78500
UInt32 NavigationNodeVertexNameHash: KTID 1398ac85
Float32 AreaColor: 1, 0,8, 0, 1
Int32 NodeIDArray: 771, 770, 318, 753, 755, 754, 756, 280
UInt32 CategoryNameHash: KTID de6ae0a0
Int32 KTID d2ea5718: 2
Int32 KTID 597011b7: 2
Int32 KTID dff5cc56: 8
Int32 KTID ed014194: 34

KTID: KTID 67b8a832
TypeInfo: Field_Common.kidsobjdb
Parent: KTID 690a3c74
Float32 WorldPosition: 112396,29, 3000, 74867,87
UInt32 NavigationNodeVertexNameHash: KTID 1398ac85
Int32 NodeIDArray: 115, 246, 216, 211, 224, 228, 230, 229, 250, 252, 555, 556, 557, 532, 533, 534, 529, 528, 525, 523, 535, 547, 544, 545, 235, 220, 215, 212
UInt32 CategoryNameHash: KTID b4a17b1e

KTID: KTID 69fe568e
TypeInfo: Field_Common.kidsobjdb
Parent: KTID 690a3c74
Float32 WorldPosition: 102200, 2500, 83200
UInt32 NavigationNodeVertexNameHash: KTID 1398ac85
Int32 NodeIDArray: 543, 542, 541, 540, 537, 538, 535, 523, 518, 524, 532, 557, 548, 559, 549, 550, 553, 552, 554, 555, 252, 238, 253, 256, 257, 258, 260, 259, 266, 267, 274, 275, 315, 276, 314, 23, 308, 299, 36, 27, 26, 590, 568, 572, 574, 581, 580, 582, 593, 594, 281, 272, 264, 273, 261, 255, 237, 235, 545
UInt32 CategoryNameHash: KTID b4a17b1e

KTID: KTID 70e258d3
TypeInfo: Field_Common.kidsobjdb
Parent: KTID 690a3c74
Float32 WorldPosition: 34700, 5500, 30300
UInt32 NavigationNodeVertexNameHash: KTID 1398ac85
Float32 AreaColor: 1, 0,8, 0, 1
Int32 NodeIDArray: 409, 413, 406, 726, 723, 405, 403, 122, 270, 402
UInt32 CategoryNameHash: KTID de6ae0a0
Int32 KTID d2ea5718: 2

KTID: KTID 756db58b
TypeInfo: Field_Common.kidsobjdb
Parent: KTID 690a3c74
Float32 WorldPosition: 80300, 6000, 28000
UInt32 NavigationNodeVertexNameHash: KTID 1398ac85
Float32 AreaColor: 1, 0,8, 0, 1
Int32 NodeIDArray: 174, 271, 376, 381, 385, 389, 390, 401, 400, 392, 396, 395, 394, 393, 397, 398, 399, 382, 384, 306, 277, 186, 171, 169, 163, 164, 165
UInt32 CategoryNameHash: KTID de6ae0a0
Int32 KTID d2ea5718: 2

KTID: KTID 7c51b7d0
TypeInfo: Field_Common.kidsobjdb
Parent: KTID 690a3c74
Float32 WorldPosition: 50800, 5900, 109100
UInt32 NavigationNodeVertexNameHash: KTID 1398ac85
Float32 AreaColor: 0,6, 0,6, 0,6, 1
Int32 NodeIDArray: 453, 418, 427, 118, 18, 121, 687, 573, 486, 485, 484, 19, 481, 491, 493, 505, 463, 460, 454, 560, 561, 526, 562, 1, 558, 551, 577, 6, 13, 10, 11, 514, 517, 509, 522, 521, 519, 516, 511, 512, 510
UInt32 CategoryNameHash: KTID de6ae0a0
Int32 KTID d2ea5718: 3

KTID: KTID 7e97662c
TypeInfo: Field_Common.kidsobjdb
Parent: KTID 690a3c74
Float32 WorldPosition: 115400, 11200, 62800
UInt32 NavigationNodeVertexNameHash: KTID 1398ac85
Float32 AreaColor: 1, 0,8, 0, 1
Int32 NodeIDArray: 421, 420, 432, 431, 430, 429, 428, 425, 424, 408, 450, 451, 443, 441, 456, 457, 489, 490, 468, 469, 477, 455, 436, 423, 426, 295, 294, 296, 218, 324, 232
UInt32 CategoryNameHash: KTID de6ae0a0
Int32 KTID d2ea5718: 2

KTID: KTID 80718ccd
TypeInfo: Field_Common.kidsobjdb
Parent: KTID 690a3c74
Float32 WorldPosition: 90100, 3300, 51400
UInt32 NavigationNodeVertexNameHash: KTID 1398ac85
Float32 AreaColor: 0, 0, 1, 1
Int32 NodeIDArray: 571, 570, 569, 576, 567, 566, 565, 564, 563
UInt32 CategoryNameHash: KTID b4a17b1e
Int32 KTID 597011b7: 2
Int32 KTID dff5cc56: 6
Int32 KTID ed014194: 33

KTID: KTID 81a7dfac
TypeInfo: Field_Common.kidsobjdb
Parent: KTID 690a3c74
Float32 WorldPosition: 57200, 6000, 11200
UInt32 NavigationNodeVertexNameHash: KTID 1398ac85
Float32 AreaColor: 1, 0,8, 0, 1
Int32 NodeIDArray: 595, 609, 621, 598, 597, 596, 536, 339, 333, 293, 335
UInt32 CategoryNameHash: KTID de6ae0a0
Int32 KTID d2ea5718: 2
Int32 KTID 597011b7: 2
Int32 KTID dff5cc56: 25
Int32 KTID ed014194: 30

KTID: KTID 82de328b
TypeInfo: Field_Common.kidsobjdb
Parent: KTID 690a3c74
Float32 WorldPosition: 13100, 5900, 67100
UInt32 NavigationNodeVertexNameHash: KTID 1398ac85
Float32 AreaColor: 1, 0,8, 0, 1
Int32 NodeIDArray: 677, 680, 676, 675, 674, 678, 679, 673, 660, 361
UInt32 CategoryNameHash: KTID de6ae0a0
Int32 KTID d2ea5718: 2
Int32 KTID 597011b7: 2
Int32 KTID dff5cc56: 21
Int32 KTID ed014194: 30

KTID: KTID 83e32957
TypeInfo: Field_Common.kidsobjdb
Parent: KTID b7a3eb00
Int32 KTID b16d01b4: 0
Int32 KTID b321da53: 1
Int32 KTID 051dd440: 332
Int32 KTID f3a0dac1: 515
Int32 KTID 06d2acdf: 34
Int32 KTID f555b360: 35
UInt32 KTID 4829e35a: KTID 1398ac85
UInt32 KTID 49debbf9: KTID 4d4485fe
Int32 KTID d2ea5718: 0

KTID: KTID 8414856a
TypeInfo: Field_Common.kidsobjdb
Parent: KTID 690a3c74
Float32 WorldPosition: 78100, 6800, 73500
UInt32 NavigationNodeVertexNameHash: KTID 1398ac85
Float32 AreaColor: 1, 0,8, 0, 1
Int32 NodeIDArray: 732, 733, 724, 719, 325, 369
UInt32 CategoryNameHash: KTID de6ae0a0
Int32 KTID d2ea5718: 2
Int32 KTID 597011b7: 2
Int32 KTID dff5cc56: 16
Int32 KTID ed014194: 31

KTID: KTID 854ad849
TypeInfo: Field_Common.kidsobjdb
Parent: KTID 690a3c74
Float32 WorldPosition: 97500, 7900, 8100
UInt32 NavigationNodeVertexNameHash: KTID 1398ac85
Float32 AreaColor: 1, 0,8, 0, 1
Int32 NodeIDArray: 233, 289, 291, 178, 177, 173
UInt32 CategoryNameHash: KTID de6ae0a0
Int32 KTID d2ea5718: 2

KTID: KTID 877dcbd4
TypeInfo: Field_Common.kidsobjdb
Parent: KTID 690a3c74
Float32 WorldPosition: 72500, 6000, 14300
UInt32 NavigationNodeVertexNameHash: KTID 1398ac85
Float32 AreaColor: 1, 0,8, 0, 1
Int32 NodeIDArray: 225, 226, 219, 180, 221, 222, 223, 337
UInt32 CategoryNameHash: KTID de6ae0a0
Int32 KTID d2ea5718: 2
Int32 KTID 597011b7: 2
Int32 KTID dff5cc56: 26
Int32 KTID ed014194: 30

KTID: KTID 88b41eb3
TypeInfo: Field_Common.kidsobjdb
Parent: KTID 690a3c74
Float32 WorldPosition: 18900, 4500, 36100
UInt32 NavigationNodeVertexNameHash: KTID 1398ac85
Float32 AreaColor: 1, 0,8, 0, 1
Int32 NodeIDArray: 666, 664, 662, 663, 446, 362, 363, 670
UInt32 CategoryNameHash: KTID de6ae0a0
Int32 KTID d2ea5718: 2

KTID: KTID 89ea7192
TypeInfo: Field_Common.kidsobjdb
Parent: KTID 690a3c74
Float32 WorldPosition: 53200, 5900, 23800
UInt32 NavigationNodeVertexNameHash: KTID 1398ac85
Float32 AreaColor: 1, 0,8, 0, 1
Int32 NodeIDArray: 61, 712, 716, 715, 714, 713, 47, 66, 44, 717, 709, 711, 710, 62
UInt32 CategoryNameHash: KTID de6ae0a0
Int32 KTID d2ea5718: 2

KTID: KTID 8b20c471
TypeInfo: Field_Common.kidsobjdb
Parent: KTID 690a3c74
Float32 WorldPosition: 44600, 6600, 82400
UInt32 NavigationNodeVertexNameHash: KTID 1398ac85
Float32 AreaColor: 1, 0,8, 0, 1
Int32 NodeIDArray: 780, 781, 329, 319, 373, 372, 374, 948, 386, 735, 383, 380, 378, 766
UInt32 CategoryNameHash: KTID de6ae0a0
Int32 KTID d2ea5718: 2

KTID: KTID 8d86117a
TypeInfo: TypeInfo::Object::3D::Placeable::NavigationArea
Parent: NULL
Float32 WorldPosition: 42000, 0, 114000
Float32 WorldQuaternion: 0, 0, 0, 1
UInt32 NavigationNodeVertexNameHash: KTID 1398ac85
Int32 FloorID: 0
Int32 GroupID: 0
Int32 Exclusion: 0
Float32 AreaColor: 0, 0, 0, 0
Int32 NodeIDArray: 9, 3, 29, 614, 613, 610, 611, 612, 619, 575, 60, 12, 11, 10, 13, 6, 577, 551, 558, 1, 562, 526, 620, 583, 5, 4, 578, 579
UInt32 InternalFlag: NULL
UInt32 CategoryNameHash: KTID b4a17b1e
UInt32 KIDSAutomatonContextNameHash: KTID 326ae53b
Int32 KTID d2ea5718: 0
Int32 KTID 597011b7: -1
Int32 KTID dff5cc56: -1
Int32 KTID 667b86f5: -1
Int32 KTID ed014194: -1
Int32 KTID 7386fc33: -1
Int32 KTID fa0cb6d2: -1
Int32 KTID 80927171: -1
Int32 KTID 07182c10: -1
Int32 KTID 8d9de6af: -1
Int32 KTID df834c99: -1
Int32 KTID 66090738: -1
Int32 KTID ec8ec1d7: -1
Int32 KTID 73147c76: -1
Int32 KTID f99a3715: -1
Int32 KTID 801ff1b4: -1

KTID: KTID 90358770
TypeInfo: Field_Common.kidsobjdb
Parent: KTID 690a3c74
Float32 WorldPosition: 98602,72, 3100, 51474,992
UInt32 NavigationNodeVertexNameHash: KTID 1398ac85
Int32 NodeIDArray: 187, 188, 189, 193, 192, 196, 197, 199, 200, 201, 202, 208, 209, 210, 115, 212, 207, 206, 203, 198, 194, 195, 191, 190, 185
UInt32 CategoryNameHash: KTID b4a17b1e

KTID: KTID 927b35cc
TypeInfo: Field_Common.kidsobjdb
Parent: KTID 690a3c74
Float32 WorldPosition: 43500, 6800, 117100
UInt32 NavigationNodeVertexNameHash: KTID 1398ac85
Float32 AreaColor: 1, 0,8, 0, 1
Int32 NodeIDArray: 121, 18, 118, 204, 254, 262, 265, 269, 297, 268, 407, 417, 416, 404, 342, 263, 217, 126, 125, 123, 111, 132, 573, 687
UInt32 CategoryNameHash: KTID de6ae0a0
Int32 KTID d2ea5718: 2

KTID: KTID 971989b5
TypeInfo: Field_Common.kidsobjdb
Parent: KTID 690a3c74
Float32 WorldPosition: 94200, 6000, 93700
UInt32 NavigationNodeVertexNameHash: KTID 1398ac85
Float32 AreaColor: 1, 0,8, 0, 1
Int32 NodeIDArray: 108, 172, 157, 145, 116, 114, 109, 22, 414, 435
UInt32 CategoryNameHash: KTID de6ae0a0
Int32 KTID d2ea5718: 2
Int32 KTID 597011b7: 2
Int32 KTID dff5cc56: 15
Int32 KTID ed014194: 31

KTID: KTID 995f3811
TypeInfo: Field_Common.kidsobjdb
Parent: KTID 690a3c74
Float32 WorldPosition: 15100, 6200, 52700
UInt32 NavigationNodeVertexNameHash: KTID 1398ac85
Float32 AreaColor: 0,6, 0,6, 0,6, 1
Int32 NodeIDArray: 492, 278, 323, 363, 362, 446, 357, 356, 657, 354, 353, 352, 341, 227, 328, 343, 623, 344, 288, 350, 349, 348, 205, 346, 347, 345, 515, 88, 93, 97, 92, 98, 100, 79, 99, 84, 87, 86, 71, 72, 78, 73, 85, 89, 64, 65, 63, 69, 90, 58, 53, 56, 51, 49
UInt32 CategoryNameHash: KTID de6ae0a0
Int32 KTID d2ea5718: 3

KTID: KTID 9ba4e66d
TypeInfo: Field_Common.kidsobjdb
Parent: KTID 690a3c74
Float32 WorldPosition: 38200, 7700, 14800
UInt32 NavigationNodeVertexNameHash: KTID 4d4485fe
Int32 FloorID: 1
Float32 AreaColor: 1, 0,8, 0, 1
Int32 NodeIDArray: 4, 5, 7, 8, 6, 3, 2, 1
UInt32 CategoryNameHash: KTID de6ae0a0
Int32 KTID d2ea5718: 2

KTID: KTID 9dea94c9
TypeInfo: Field_Common.kidsobjdb
Parent: KTID 690a3c74
Float32 WorldPosition: 22500, 5700, 28900
UInt32 NavigationNodeVertexNameHash: KTID 1398ac85
Float32 AreaColor: 1, 0,8, 0, 1
Int32 NodeIDArray: 357, 290, 360, 658, 649, 650, 651, 437, 439, 440, 639, 653, 354, 657, 356
UInt32 CategoryNameHash: KTID de6ae0a0
Int32 KTID d2ea5718: 2

KTID: KTID a4ce970e
TypeInfo: Field_Common.kidsobjdb
Parent: KTID 690a3c74
Float32 WorldPosition: 51300, 5700, 103100
UInt32 NavigationNodeVertexNameHash: KTID 1398ac85
Float32 AreaColor: 1, 0,8, 0, 1
Int32 NodeIDArray: 522, 509, 508, 507, 506
UInt32 CategoryNameHash: KTID de6ae0a0
Int32 KTID d2ea5718: 2

KTID: KTID a60595ce
TypeInfo: Field_Common.kidsobjdb
Parent: KTID 690a3c74
Float32 WorldPosition: 61700, 3300, 87600
UInt32 NavigationNodeVertexNameHash: KTID 1398ac85
Float32 AreaColor: 0, 0, 1, 1
Int32 NodeIDArray: 594, 593, 582, 580, 581, 574, 572, 568, 292
UInt32 CategoryNameHash: KTID b4a17b1e
Int32 KTID 597011b7: 2
Int32 KTID dff5cc56: 2
Int32 KTID ed014194: 33

KTID: KTID a73be8ad
TypeInfo: Field_Common.kidsobjdb
Parent: KTID 690a3c74
Float32 WorldPosition: 49800, 7600, 10500
UInt32 NavigationNodeVertexNameHash: KTID 1398ac85
Float32 AreaColor: 1, 0,8, 0, 1
Int32 NodeIDArray: 625, 627, 632, 633, 629, 628, 624, 630, 631, 636, 635, 634, 626
UInt32 CategoryNameHash: KTID de6ae0a0
Int32 KTID d2ea5718: 2
Int32 KTID 597011b7: 2
Int32 KTID dff5cc56: 19
Int32 KTID ed014194: 31

KTID: KTID a8723b8c
TypeInfo: Field_Common.kidsobjdb
Parent: KTID 690a3c74
Float32 WorldPosition: 19400, 6000, 80500
UInt32 NavigationNodeVertexNameHash: KTID 1398ac85
Float32 AreaColor: 1, 0,8, 0, 1
Int32 NodeIDArray: 692, 695, 691, 690, 681, 700, 464, 480, 105
UInt32 CategoryNameHash: KTID de6ae0a0
Int32 KTID d2ea5718: 2

KTID: KTID a9773258
TypeInfo: Field_Common.kidsobjdb
Parent: KTID b7a3eb00
Int32 KTID b16d01b4: 0
Int32 KTID b321da53: 1
Int32 KTID 051dd440: 163
Int32 KTID f3a0dac1: 164
Int32 KTID 06d2acdf: 39
Int32 KTID f555b360: 40
UInt32 KTID 4829e35a: KTID 1398ac85
UInt32 KTID 49debbf9: KTID 4d4485fe
Int32 KTID d2ea5718: 0

KTID: KTID a9a88e6b
TypeInfo: Field_Common.kidsobjdb
Parent: KTID 690a3c74
Float32 WorldPosition: 31501,795, 6300, 72074,7
UInt32 NavigationNodeVertexNameHash: KTID 1398ac85
Float32 AreaColor: 1, 0,8, 0, 1
Int32 NodeIDArray: 734, 729, 375, 388, 728
UInt32 CategoryNameHash: KTID de6ae0a0
Int32 KTID d2ea5718: 2

KTID: KTID aadee14a
TypeInfo: Field_Common.kidsobjdb
Parent: KTID 690a3c74
Float32 WorldPosition: 80900, 7800, 26300
UInt32 NavigationNodeVertexNameHash: KTID 1398ac85
Float32 AreaColor: 1, 0,8, 0, 1
Int32 NodeIDArray: 351, 355, 447, 438, 482, 338, 326
UInt32 CategoryNameHash: KTID de6ae0a0
Int32 KTID d2ea5718: 2

KTID: KTID ad4307b1
TypeInfo: Field_Common.kidsobjdb
Parent: KTID 690a3c74
Float32 WorldPosition: 38300, 3400, 96200
UInt32 NavigationNodeVertexNameHash: KTID 1398ac85
Int32 NodeIDArray: 607, 608, 599, 600, 602, 601, 603, 584, 14, 575, 619, 618, 617, 616, 615, 614, 29, 7
UInt32 CategoryNameHash: KTID b4a17b1e

KTID: KTID b66cb852
TypeInfo: Field_Common.kidsobjdb
Parent: KTID 690a3c74
Float32 WorldPosition: 23059,79, 3000, 77768,26
UInt32 NavigationNodeVertexNameHash: KTID 1398ac85
Int32 NodeIDArray: 303, 30, 301, 43, 35, 37, 31, 42, 46, 57, 45, 49, 51, 56, 53, 58, 55, 54, 52, 50, 32, 33, 34, 38, 39, 40, 41, 25
UInt32 CategoryNameHash: KTID b4a17b1e

KTID: KTID b898051a
TypeInfo: Field_Common.kidsobjdb
Parent: KTID b7a3eb00
Int32 KTID b16d01b4: 0
Int32 KTID b321da53: 1
Int32 KTID 051dd440: 364
Int32 KTID f3a0dac1: 214
Int32 KTID 06d2acdf: 19
Int32 KTID f555b360: 18
UInt32 KTID 4829e35a: KTID 1398ac85
UInt32 KTID 49debbf9: KTID 4d4485fe
Int32 KTID d2ea5718: 0

KTID: KTID b8b266ae
TypeInfo: Field_Common.kidsobjdb
Parent: KTID 690a3c74
Float32 WorldPosition: 74600, 5300, 93600
UInt32 NavigationNodeVertexNameHash: KTID 1398ac85
Float32 AreaColor: 1, 0,8, 0, 1
Int32 NodeIDArray: 462, 461, 331, 496, 96, 330, 74, 110, 107
UInt32 CategoryNameHash: KTID de6ae0a0
Int32 KTID d2ea5718: 2

KTID: KTID baf8150a
TypeInfo: Field_Common.kidsobjdb
Parent: KTID 690a3c74
Float32 WorldPosition: 60800, 5100, 75300
UInt32 NavigationNodeVertexNameHash: KTID 1398ac85
Float32 AreaColor: 1, 0,8, 0, 1
Int32 NodeIDArray: 327, 929, 741, 742, 366, 738, 744, 752, 748, 747, 746, 321
UInt32 CategoryNameHash: KTID de6ae0a0
Int32 KTID d2ea5718: 2

KTID: KTID bf9668f3
TypeInfo: Field_Common.kidsobjdb
Parent: KTID 690a3c74
Float32 WorldPosition: 24000, 7100, 53600
UInt32 NavigationNodeVertexNameHash: KTID 4d4485fe
Int32 FloorID: 1
Float32 AreaColor: 1, 0,8, 0, 1
Int32 NodeIDArray: 9, 10, 12, 14, 21, 16, 15, 19, 18, 17, 20, 13, 11
UInt32 CategoryNameHash: KTID de6ae0a0
Int32 KTID d2ea5718: 2

KTID: KTID c1dc174f
TypeInfo: Field_Common.kidsobjdb
Parent: KTID 690a3c74
Float32 WorldPosition: 23900, 3000, 51200
UInt32 NavigationNodeVertexNameHash: KTID 1398ac85
Float32 AreaColor: 0,6, 0,6, 0,6, 1
Int32 NodeIDArray: 32, 50, 52, 54, 55, 59, 270, 122, 403, 405, 723, 721, 411
UInt32 CategoryNameHash: KTID de6ae0a0
Int32 KTID d2ea5718: 3

KTID: KTID cb999ecf
TypeInfo: Field_Common.kidsobjdb
Parent: KTID 690a3c74
Float32 WorldPosition: 44000, 3100, 99200
UInt32 NavigationNodeVertexNameHash: KTID 1398ac85
Float32 AreaColor: 0, 0, 1, 1
Int32 NodeIDArray: 608, 607, 606, 605, 604, 603, 601, 602, 600, 599
UInt32 CategoryNameHash: KTID b4a17b1e
Int32 KTID 597011b7: 2
Int32 KTID dff5cc56: 1
Int32 KTID ed014194: 33

KTID: KTID cccff1ae
TypeInfo: Field_Common.kidsobjdb
Parent: KTID 690a3c74
Float32 WorldPosition: 54600, 6000, 11200
UInt32 NavigationNodeVertexNameHash: KTID 1398ac85
Float32 AreaColor: 1, 0,8, 0, 1
Int32 NodeIDArray: 293, 288, 344, 626, 634, 635, 636, 631, 622, 638, 595, 335
UInt32 CategoryNameHash: KTID de6ae0a0
Int32 KTID d2ea5718: 2

KTID: KTID ce06448d
TypeInfo: Field_Common.kidsobjdb
Parent: KTID 690a3c74
Float32 WorldPosition: 21500, 6000, 83900
UInt32 NavigationNodeVertexNameHash: KTID 1398ac85
Float32 AreaColor: 1, 0,8, 0, 1
Int32 NodeIDArray: 685, 686, 694, 693, 688, 696, 697, 690, 691, 695, 692, 683
UInt32 CategoryNameHash: KTID de6ae0a0
Int32 KTID d2ea5718: 2
Int32 KTID 597011b7: 2
Int32 KTID dff5cc56: 13
Int32 KTID ed014194: 31

KTID: KTID cf3c976c
TypeInfo: Field_Common.kidsobjdb
Parent: KTID 690a3c74
Float32 WorldPosition: 33700, 6800, 73600
UInt32 NavigationNodeVertexNameHash: KTID 1398ac85
Float32 AreaColor: 1, 0,8, 0, 1
Int32 NodeIDArray: 734, 736, 737, 735, 386, 387, 729
UInt32 CategoryNameHash: KTID de6ae0a0
Int32 KTID d2ea5718: 2
Int32 KTID 597011b7: 2
Int32 KTID dff5cc56: 12
Int32 KTID ed014194: 31

KTID: KTID d072ea4b
TypeInfo: Field_Common.kidsobjdb
Parent: KTID 690a3c74
Float32 WorldPosition: 89900, 8100, 24900
UInt32 NavigationNodeVertexNameHash: KTID 4d4485fe
Int32 FloorID: 1
Float32 AreaColor: 1, 0,8, 0, 1
Int32 NodeIDArray: 30, 31, 32, 33, 34, 35, 36, 37, 38, 39, 40
UInt32 CategoryNameHash: KTID de6ae0a0
Int32 KTID d2ea5718: 2

KTID: KTID d5bfe6ef
TypeInfo: Field_Common.kidsobjdb
Parent: KTID 690a3c74
Float32 WorldPosition: 50800, 6600, 110700
UInt32 NavigationNodeVertexNameHash: KTID 1398ac85
Float32 AreaColor: 1, 0,8, 0, 1
Int32 NodeIDArray: 453, 24, 70, 95, 96, 496, 497, 459, 458, 452, 427, 418
UInt32 CategoryNameHash: KTID de6ae0a0
Int32 KTID d2ea5718: 2

KTID: KTID dca3e934
TypeInfo: Field_Common.kidsobjdb
Parent: KTID 690a3c74
Float32 WorldPosition: 16200, 5500, 73100
UInt32 NavigationNodeVertexNameHash: KTID 1398ac85
Float32 AreaColor: 1, 0,8, 0, 1
Int32 NodeIDArray: 113, 128, 156, 176, 214, 46, 42, 31, 37, 35, 43
UInt32 CategoryNameHash: KTID de6ae0a0
Int32 KTID d2ea5718: 2

KTID: KTID dee99790
TypeInfo: Field_Common.kidsobjdb
Parent: KTID 690a3c74
Float32 WorldPosition: 111700, 2500, 83300
UInt32 NavigationNodeVertexNameHash: KTID 1398ac85
Float32 AreaColor: 0, 0, 1, 1
Int32 NodeIDArray: 528, 529, 534, 533, 532, 524, 518, 523, 525
UInt32 CategoryNameHash: KTID b4a17b1e
Int32 KTID 597011b7: 2
Int32 KTID dff5cc56: 5
Int32 KTID ed014194: 33

KTID: KTID e114e458
TypeInfo: Field_Common.kidsobjdb
Parent: KTID b7a3eb00
Int32 KTID b16d01b4: 0
Int32 KTID b321da53: 1
Int32 KTID 051dd440: 375
Int32 KTID f3a0dac1: 388
Int32 KTID 06d2acdf: 29
Int32 KTID f555b360: 28
UInt32 KTID 4829e35a: KTID 1398ac85
UInt32 KTID 49debbf9: KTID 4d4485fe
Int32 KTID d2ea5718: 0

KTID: KTID e12f45ec
TypeInfo: Field_Common.kidsobjdb
Parent: KTID 690a3c74
Float32 WorldPosition: 63800, 2700, 45200
UInt32 NavigationNodeVertexNameHash: KTID 1398ac85
Float32 AreaColor: 0,6, 0,6, 0,6, 1
Int32 NodeIDArray: 148, 149, 147, 137, 139, 138
UInt32 CategoryNameHash: KTID de6ae0a0
Int32 KTID d2ea5718: 3

KTID: KTID e374f448
TypeInfo: Field_Common.kidsobjdb
Parent: KTID 690a3c74
Float32 WorldPosition: 93000, 6000, 76200
UInt32 NavigationNodeVertexNameHash: KTID 1398ac85
Float32 AreaColor: 1, 0,8, 0, 1
Int32 NodeIDArray: 359, 365, 370, 391, 379, 377, 317
UInt32 CategoryNameHash: KTID de6ae0a0
Int32 KTID d2ea5718: 2

KTID: KTID e8134831
TypeInfo: Field_Common.kidsobjdb
Parent: KTID 690a3c74
Float32 WorldPosition: 81500, 8700, 99100
UInt32 NavigationNodeVertexNameHash: KTID 1398ac85
Float32 AreaColor: 1, 0,8, 0, 1
Int32 NodeIDArray: 513, 503, 504, 502, 501, 494, 498, 499, 500
UInt32 CategoryNameHash: KTID de6ae0a0
Int32 KTID d2ea5718: 2

KTID: KTID ea58f68d
TypeInfo: Field_Common.kidsobjdb
Parent: KTID 690a3c74
Float32 WorldPosition: 88700, 3000, 79900
UInt32 NavigationNodeVertexNameHash: KTID 1398ac85
Float32 AreaColor: 0,6, 0,6, 0,6, 1
Int32 NodeIDArray: 370, 365, 359, 317, 377, 379, 207, 212, 215, 220, 235, 237, 255, 261, 273
UInt32 CategoryNameHash: KTID de6ae0a0
Int32 KTID d2ea5718: 3

KTID: KTID f12da7d0
TypeInfo: Field_Common.kidsobjdb
Parent: KTID 690a3c74
Float32 WorldPosition: 42400, 3100, 104800
UInt32 NavigationNodeVertexNameHash: KTID 1398ac85
Float32 AreaColor: 0, 0, 1, 1
Int32 NodeIDArray: 613, 614, 615, 616, 617, 618, 619, 612, 611, 610
UInt32 CategoryNameHash: KTID b4a17b1e
Int32 KTID 597011b7: 2
Int32 KTID dff5cc56: 0
Int32 KTID ed014194: 33

KTID: KTID f263faaf
TypeInfo: Field_Common.kidsobjdb
Parent: KTID 690a3c74
Float32 WorldPosition: 21500, 5600, 27400
UInt32 NavigationNodeVertexNameHash: KTID 1398ac85
Float32 AreaColor: 1, 0,8, 0, 1
Int32 NodeIDArray: 357, 446, 663, 665, 668, 671, 669, 290
UInt32 CategoryNameHash: KTID de6ae0a0
Int32 KTID d2ea5718: 2

KTID: KTID f39a4d8e
TypeInfo: Field_Common.kidsobjdb
Parent: KTID 690a3c74
Float32 WorldPosition: 31895,691, 5500, 96248,08
UInt32 NavigationNodeVertexNameHash: KTID 1398ac85
Float32 AreaColor: 1, 0,8, 0, 1
Int32 NodeIDArray: 703, 704, 705, 300, 702, 20, 213, 104, 106, 133, 470, 467, 8, 472, 465, 473, 474, 475, 476, 478, 479, 488, 487, 358, 698, 117
UInt32 CategoryNameHash: KTID de6ae0a0
Int32 KTID d2ea5718: 2

KTID: KTID f4d0a06d
TypeInfo: Field_Common.kidsobjdb
Parent: KTID 690a3c74
Float32 WorldPosition: 63700, 4600, 73500
UInt32 NavigationNodeVertexNameHash: KTID 1398ac85
Float32 AreaColor: 1, 0,8, 0, 1
Int32 NodeIDArray: 743, 751, 749, 750, 745, 746, 747, 748, 752, 744, 738, 366
UInt32 CategoryNameHash: KTID de6ae0a0
Int32 KTID d2ea5718: 2
Int32 KTID 597011b7: 2
Int32 KTID dff5cc56: 22
Int32 KTID ed014194: 30

KTID: KTID fbdcb63d
TypeInfo: Field_Common.kidsobjdb
Parent: KTID b7a3eb00
Int32 KTID b16d01b4: 0
Int32 KTID b321da53: 1
Int32 KTID 051dd440: 343
Int32 KTID f3a0dac1: 340
Int32 KTID 06d2acdf: 2
Int32 KTID f555b360: 1
UInt32 KTID 4829e35a: KTID 1398ac85
UInt32 KTID 49debbf9: KTID 4d4485fe
Int32 KTID d2ea5718: 0

KTID: KTID fbf717d1
TypeInfo: Field_Common.kidsobjdb
Parent: KTID 690a3c74
Float32 WorldPosition: 16200, 4800, 113100
UInt32 NavigationNodeVertexNameHash: KTID 1398ac85
Float32 AreaColor: 0,6, 0,6, 0,6, 1
Int32 NodeIDArray: 583, 620, 479, 478, 476, 475, 474, 473, 465, 472, 8, 467, 470, 133, 106, 104, 131, 102, 103, 694, 686, 685, 683, 692, 105, 480, 30, 303, 2, 28, 91, 101, 15, 7, 29, 3, 9, 579, 578, 4, 5
UInt32 CategoryNameHash: KTID de6ae0a0
Int32 KTID d2ea5718: 3

KTID: KTID fe3cc62d
TypeInfo: Field_Common.kidsobjdb
Parent: KTID 690a3c74
Float32 WorldPosition: 46300, 6000, 8000
UInt32 NavigationNodeVertexNameHash: KTID 1398ac85
Float32 AreaColor: 1, 0,8, 0, 1
Int32 NodeIDArray: 242, 239, 243, 244, 248, 249, 240, 241, 245, 247, 234, 231, 236
UInt32 CategoryNameHash: KTID de6ae0a0
Int32 KTID d2ea5718: 2
Int32 KTID 597011b7: 2
Int32 KTID dff5cc56: 20
Int32 KTID ed014194: 31

