[2021-11-28T16:03:47][FileList]Loading filelist for unknown-rdb
[2021-11-28T16:03:47][FileList]Loading filelist for RDBShared-rdb
[2021-11-28T16:03:47][FileList]Loading filelist for PropertyList-rdb
KTID: KTID 3b1e621d
TypeInfo: Field_Common.kidsobjdb
Parent: KTID 90f5edf6
Float32 WorldScale: 10,26361, 2, 10,26361
Float32 WorldPosition: 74792,24, 3450, 45651,86
Float32 WorldQuaternion: 0, 0, 0, 1
Float32 PositionArray: 994,8871, -50, 1527,631, 1801,051, -50, 1596,469, 1754,405, -50, 2126,514, 2646,923, -50, 2340,994, 2960,044, -50, 3823,687, 1976,606, -50, 4555,761, 3025,254, -50, 4132,474, 4821,969, -50, 2034,808, 2344,865, -50, 1536,357, 2995,68, -50, 885,876, 2085,657, -50, 1070,831, 1909,439, -50, 1455,686, 1086,767, -50, 1034,724, 1536,479, -50, 602,3504, 2160,759, -50, 272,7731, 1298,199, -50, -207,3188, -50, -50, -50, -240,1969, -50, 523,0613, -573,0078, -50, 894,4274, -158,8601, -50, 902,0445, 442,8203, -50, 1000,336, -55,96484, -50, 573,9746, 67,00542, -50, 246,4325, 530,0934, -50, 885,8542, 450,6341, -50, 1801,02, 206,7986, -50, 2131,172, 248,9043, -50, 2802,309, 673,4145, -50, 3233,203, 1485,626, -50, 3157,491, 1476,214, -50, 2579,942, 582,6464, -50, 2970,292, 422,3379, -50, 2505,959
UInt32 BankObjectNameHash: KTID 9f329e28
UInt32 ProgId: KTID cae01463
Float32 Level: 0,78

KTID: KTID 9eb065be
TypeInfo: Field_Common.kidsobjdb
Parent: KTID 90f5edf6
Float32 WorldScale: 20, 3,660493, 20
Float32 WorldPosition: 37776,67, 3450, 57248,95
Float32 WorldQuaternion: 0, 0, 0, 1
Float32 PositionArray: 140,4307, -50, 250,4215, 416,5432, -50, 392,4883, 570,5766, -50, 57,71799, 256,8532, -50, 71,91015, 272,9795, -50, -120,4746, 415,5906, -50, -244,5131, 614,7975, -50, 64,23308, 1208,102, -50, 267,7772, 1269,681, -50, 288,9031, 921,9958, -50, 785,2355, 1074,26, -50, 875,3471, 1339,441, -50, 346,7758, 1679,071, -50, 362,6505, 1702,251, -50, 270,4508, 1048,966, -50, 102,759, 783,3842, -50, -56,55116, 720,461, -50, -509,6791, 788,8355, -50, -702,9906, 694,8118, -50, -959,3699, 689,915, -50, -1326,933, 115,1357, -50, -1470,884, 518,5979, -50, -1080,389, 540,4936, -50, -724,246, 380,6582, -50, -515,6551, 164,1149, -50, -221,0715, 50, -50, -50, -160,991, -50, -140,0732, -512,4169, -50, -60,68047, -490,7845, -50, 620,4698, -95,69336, -50, 1872,804, 316,6774, -50, 1913,484, 1662,306, -50, 2707,277, 1796,292, -50, 2197,959, 1190,906, -50, 2170,542, 1042,854, -50, 2001,971, 1153,632, -50, 1857,146, 1317,672, -50, 1851,408, 1337,121, -50, 1670,76, 1471,321, -50, 1485,049, 1714,949, -50, 1673,021, 1871,353, -50, 2388,889, 1900,835, -50, 1662,177, 2018,925, -50, 1478,447, 2248,711, -50, 1441,712, 2459,409, -50, 1589,405, 2324,462, -50, 1995,205, 1979,473, -50, 2037,224, 2252,791, -50, 2210,729, 2695,814, -50, 1829,417, 3039,406, -50, 1564,763, 2585,563, -50, 1458,83, 2567,349, -50, 1044,064, 1703,919, -50, 1377,812, 1606,775, -50, 1087,075, 1382,789, -50, 1069,507, 916,1834, -50, 1742,478, 584,3729, -50, 1882,579, 255,9498, -50, 1631,312, 208,2213, -50, 1409,541, 423,8043, -50, 1156,509, 518,5009, -50, 1369,317, 646,137, -50, 1283,476, 725,6558, -50, 1141,807, 1123,613, -50, 969,9267, 413,7854, -50, 454,3689, 366,7305, -50, 849,4965, 220,6642, -50, 972,9842, 20,30332, -50, 855,1315, -208,8646, -50, 585,2284, -22,13164, -50, 172,9555
UInt32 BankObjectNameHash: KTID 9f329e28
UInt32 ProgId: KTID cae01463
Float32 Level: 0,74

